Model,DPO4104
Firmware Version,2.58

Waveform Type,Analog
Point Format,Y
Horizontal Units,s
Horizontal Scale,1e-07
Horizontal Delay,0
Sample Interval,2e-10
Record Length,1e+07
Gating,49.9749900% to 50.02500%
Probe Attenuation,1
Vertical Units,V
Vertical Offset,0
Vertical Scale,0.1
Vertical Position,-0.2
Label,
TIME,CH1
-5.002000e-07,-0.012
-5.000000e-07,-0.004
-4.998000e-07,-0.008
-4.996000e-07,-0.004
-4.994000e-07,0
-4.992000e-07,0.004
-4.990000e-07,-0.008
-4.988000e-07,-0.004
-4.986000e-07,-0.012
-4.984000e-07,-0.008
-4.982000e-07,-0.004
-4.980000e-07,-0.008
-4.978000e-07,-0.008
-4.976000e-07,-0.008
-4.974000e-07,-0.008
-4.972000e-07,-0.004
-4.970000e-07,-0.008
-4.968000e-07,-0.004
-4.966000e-07,-0.008
-4.964000e-07,-0.004
-4.962000e-07,-0.008
-4.960000e-07,-0.008
-4.958000e-07,-0.008
-4.956000e-07,-0.012
-4.954000e-07,-0.012
-4.952000e-07,-0.004
-4.950000e-07,0
-4.948000e-07,-0.004
-4.946000e-07,-0.012
-4.944000e-07,-0.004
-4.942000e-07,0
-4.940000e-07,-0.008
-4.938000e-07,-0.004
-4.936000e-07,-0.004
-4.934000e-07,-0.008
-4.932000e-07,-0.008
-4.930000e-07,-0.004
-4.928000e-07,-0.008
-4.926000e-07,-0.004
-4.924000e-07,-0.004
-4.922000e-07,-0.004
-4.920000e-07,-0.004
-4.918000e-07,-0.008
-4.916000e-07,-0.008
-4.914000e-07,-0.008
-4.912000e-07,-0.004
-4.910000e-07,-0.004
-4.908000e-07,-0.004
-4.906000e-07,-0.008
-4.904000e-07,-0.004
-4.902000e-07,-0.004
-4.900000e-07,0
-4.898000e-07,-0.004
-4.896000e-07,-0.008
-4.894000e-07,-0.008
-4.892000e-07,-0.004
-4.890000e-07,-0.004
-4.888000e-07,-0.004
-4.886000e-07,-0.008
-4.884000e-07,-0.008
-4.882000e-07,-0.008
-4.880000e-07,-0.004
-4.878000e-07,-0.004
-4.876000e-07,-0.004
-4.874000e-07,0
-4.872000e-07,0
-4.870000e-07,-0.008
-4.868000e-07,-0.008
-4.866000e-07,-0.008
-4.864000e-07,0
-4.862000e-07,-0.004
-4.860000e-07,-0.008
-4.858000e-07,-0.008
-4.856000e-07,-0.004
-4.854000e-07,-0.004
-4.852000e-07,-0.008
-4.850000e-07,-0.008
-4.848000e-07,-0.008
-4.846000e-07,-0.008
-4.844000e-07,-0.008
-4.842000e-07,-0.008
-4.840000e-07,-0.004
-4.838000e-07,-0.008
-4.836000e-07,-0.004
-4.834000e-07,-0.012
-4.832000e-07,-0.008
-4.830000e-07,-0.012
-4.828000e-07,-0.004
-4.826000e-07,-0.008
-4.824000e-07,-0.008
-4.822000e-07,-0.012
-4.820000e-07,0
-4.818000e-07,0
-4.816000e-07,0
-4.814000e-07,-0.008
-4.812000e-07,-0.008
-4.810000e-07,-0.008
-4.808000e-07,-0.004
-4.806000e-07,-0.004
-4.804000e-07,-0.004
-4.802000e-07,-0.008
-4.800000e-07,-0.004
-4.798000e-07,-0.008
-4.796000e-07,-0.004
-4.794000e-07,-0.004
-4.792000e-07,0
-4.790000e-07,-0.004
-4.788000e-07,-0.008
-4.786000e-07,-0.008
-4.784000e-07,-0.004
-4.782000e-07,-0.004
-4.780000e-07,-0.008
-4.778000e-07,-0.008
-4.776000e-07,-0.004
-4.774000e-07,-0.008
-4.772000e-07,-0.012
-4.770000e-07,-0.008
-4.768000e-07,0
-4.766000e-07,-0.004
-4.764000e-07,-0.004
-4.762000e-07,-0.008
-4.760000e-07,-0.008
-4.758000e-07,-0.004
-4.756000e-07,0
-4.754000e-07,-0.004
-4.752000e-07,-0.008
-4.750000e-07,-0.004
-4.748000e-07,-0.008
-4.746000e-07,-0.008
-4.744000e-07,-0.008
-4.742000e-07,-0.004
-4.740000e-07,-0.012
-4.738000e-07,-0.004
-4.736000e-07,-0.004
-4.734000e-07,-0.008
-4.732000e-07,-0.008
-4.730000e-07,-0.008
-4.728000e-07,-0.008
-4.726000e-07,-0.008
-4.724000e-07,-0.008
-4.722000e-07,-0.008
-4.720000e-07,-0.004
-4.718000e-07,-0.004
-4.716000e-07,-0.008
-4.714000e-07,-0.008
-4.712000e-07,-0.008
-4.710000e-07,-0.004
-4.708000e-07,-0.004
-4.706000e-07,-0.008
-4.704000e-07,-0.004
-4.702000e-07,-0.012
-4.700000e-07,-0.008
-4.698000e-07,-0.004
-4.696000e-07,-0.008
-4.694000e-07,-0.008
-4.692000e-07,-0.012
-4.690000e-07,-0.008
-4.688000e-07,0
-4.686000e-07,-0.004
-4.684000e-07,-0.008
-4.682000e-07,-0.012
-4.680000e-07,-0.012
-4.678000e-07,-0.004
-4.676000e-07,-0.008
-4.674000e-07,0
-4.672000e-07,-0.004
-4.670000e-07,-0.008
-4.668000e-07,-0.004
-4.666000e-07,-0.004
-4.664000e-07,-0.008
-4.662000e-07,-0.004
-4.660000e-07,-0.008
-4.658000e-07,-0.008
-4.656000e-07,-0.004
-4.654000e-07,-0.004
-4.652000e-07,-0.008
-4.650000e-07,-0.008
-4.648000e-07,-0.004
-4.646000e-07,-0.004
-4.644000e-07,-0.008
-4.642000e-07,-0.004
-4.640000e-07,-0.004
-4.638000e-07,-0.008
-4.636000e-07,-0.008
-4.634000e-07,0
-4.632000e-07,-0.004
-4.630000e-07,-0.008
-4.628000e-07,-0.008
-4.626000e-07,-0.008
-4.624000e-07,-0.004
-4.622000e-07,-0.008
-4.620000e-07,-0.004
-4.618000e-07,-0.012
-4.616000e-07,-0.012
-4.614000e-07,-0.008
-4.612000e-07,-0.004
-4.610000e-07,-0.008
-4.608000e-07,-0.012
-4.606000e-07,-0.008
-4.604000e-07,-0.008
-4.602000e-07,-0.008
-4.600000e-07,-0.008
-4.598000e-07,-0.008
-4.596000e-07,-0.004
-4.594000e-07,-0.004
-4.592000e-07,-0.004
-4.590000e-07,-0.004
-4.588000e-07,-0.004
-4.586000e-07,-0.004
-4.584000e-07,-0.008
-4.582000e-07,-0.004
-4.580000e-07,0
-4.578000e-07,-0.004
-4.576000e-07,-0.004
-4.574000e-07,-0.008
-4.572000e-07,-0.008
-4.570000e-07,0
-4.568000e-07,0
-4.566000e-07,-0.004
-4.564000e-07,-0.004
-4.562000e-07,-0.012
-4.560000e-07,-0.008
-4.558000e-07,-0.004
-4.556000e-07,-0.004
-4.554000e-07,-0.008
-4.552000e-07,0
-4.550000e-07,-0.004
-4.548000e-07,0
-4.546000e-07,-0.008
-4.544000e-07,-0.008
-4.542000e-07,-0.008
-4.540000e-07,-0.004
-4.538000e-07,-0.004
-4.536000e-07,-0.004
-4.534000e-07,-0.004
-4.532000e-07,0
-4.530000e-07,-0.008
-4.528000e-07,-0.008
-4.526000e-07,-0.008
-4.524000e-07,0
-4.522000e-07,-0.004
-4.520000e-07,-0.004
-4.518000e-07,-0.008
-4.516000e-07,-0.008
-4.514000e-07,0
-4.512000e-07,-0.008
-4.510000e-07,-0.012
-4.508000e-07,-0.012
-4.506000e-07,-0.008
-4.504000e-07,-0.004
-4.502000e-07,-0.004
-4.500000e-07,-0.004
-4.498000e-07,-0.004
-4.496000e-07,-0.008
-4.494000e-07,-0.008
-4.492000e-07,-0.008
-4.490000e-07,-0.008
-4.488000e-07,-0.008
-4.486000e-07,-0.004
-4.484000e-07,-0.004
-4.482000e-07,-0.016
-4.480000e-07,-0.012
-4.478000e-07,-0.016
-4.476000e-07,-0.008
-4.474000e-07,-0.008
-4.472000e-07,-0.004
-4.470000e-07,-0.004
-4.468000e-07,-0.004
-4.466000e-07,-0.004
-4.464000e-07,-0.004
-4.462000e-07,0
-4.460000e-07,-0.004
-4.458000e-07,-0.004
-4.456000e-07,-0.004
-4.454000e-07,-0.004
-4.452000e-07,-0.008
-4.450000e-07,-0.012
-4.448000e-07,-0.008
-4.446000e-07,-0.008
-4.444000e-07,-0.004
-4.442000e-07,-0.008
-4.440000e-07,-0.012
-4.438000e-07,-0.008
-4.436000e-07,-0.008
-4.434000e-07,-0.008
-4.432000e-07,-0.004
-4.430000e-07,-0.008
-4.428000e-07,-0.008
-4.426000e-07,-0.008
-4.424000e-07,-0.008
-4.422000e-07,-0.008
-4.420000e-07,-0.004
-4.418000e-07,-0.008
-4.416000e-07,-0.008
-4.414000e-07,-0.004
-4.412000e-07,-0.004
-4.410000e-07,-0.008
-4.408000e-07,0
-4.406000e-07,-0.008
-4.404000e-07,-0.012
-4.402000e-07,-0.004
-4.400000e-07,-0.004
-4.398000e-07,-0.008
-4.396000e-07,0
-4.394000e-07,0.004
-4.392000e-07,0
-4.390000e-07,-0.008
-4.388000e-07,-0.008
-4.386000e-07,-0.008
-4.384000e-07,-0.004
-4.382000e-07,-0.012
-4.380000e-07,-0.008
-4.378000e-07,-0.008
-4.376000e-07,-0.008
-4.374000e-07,-0.012
-4.372000e-07,-0.004
-4.370000e-07,-0.004
-4.368000e-07,-0.008
-4.366000e-07,-0.008
-4.364000e-07,-0.012
-4.362000e-07,-0.012
-4.360000e-07,-0.004
-4.358000e-07,-0.004
-4.356000e-07,-0.004
-4.354000e-07,-0.004
-4.352000e-07,-0.008
-4.350000e-07,-0.008
-4.348000e-07,-0.004
-4.346000e-07,-0.008
-4.344000e-07,-0.004
-4.342000e-07,-0.008
-4.340000e-07,-0.004
-4.338000e-07,-0.008
-4.336000e-07,-0.012
-4.334000e-07,-0.004
-4.332000e-07,-0.004
-4.330000e-07,-0.008
-4.328000e-07,-0.008
-4.326000e-07,-0.008
-4.324000e-07,-0.004
-4.322000e-07,-0.004
-4.320000e-07,-0.004
-4.318000e-07,-0.004
-4.316000e-07,-0.008
-4.314000e-07,-0.008
-4.312000e-07,-0.004
-4.310000e-07,-0.008
-4.308000e-07,-0.008
-4.306000e-07,-0.016
-4.304000e-07,-0.004
-4.302000e-07,-0.008
-4.300000e-07,-0.004
-4.298000e-07,-0.004
-4.296000e-07,-0.004
-4.294000e-07,-0.008
-4.292000e-07,-0.004
-4.290000e-07,-0.008
-4.288000e-07,-0.008
-4.286000e-07,-0.004
-4.284000e-07,0
-4.282000e-07,-0.008
-4.280000e-07,-0.008
-4.278000e-07,-0.012
-4.276000e-07,-0.016
-4.274000e-07,-0.008
-4.272000e-07,-0.004
-4.270000e-07,-0.004
-4.268000e-07,-0.004
-4.266000e-07,0
-4.264000e-07,-0.004
-4.262000e-07,-0.004
-4.260000e-07,0
-4.258000e-07,0
-4.256000e-07,-0.004
-4.254000e-07,-0.008
-4.252000e-07,-0.008
-4.250000e-07,-0.008
-4.248000e-07,-0.004
-4.246000e-07,0
-4.244000e-07,-0.004
-4.242000e-07,-0.008
-4.240000e-07,0
-4.238000e-07,-0.008
-4.236000e-07,-0.004
-4.234000e-07,-0.008
-4.232000e-07,-0.008
-4.230000e-07,-0.012
-4.228000e-07,-0.004
-4.226000e-07,-0.008
-4.224000e-07,-0.008
-4.222000e-07,-0.004
-4.220000e-07,-0.004
-4.218000e-07,-0.008
-4.216000e-07,-0.004
-4.214000e-07,-0.012
-4.212000e-07,-0.004
-4.210000e-07,-0.004
-4.208000e-07,-0.004
-4.206000e-07,-0.008
-4.204000e-07,-0.012
-4.202000e-07,-0.008
-4.200000e-07,-0.008
-4.198000e-07,-0.008
-4.196000e-07,-0.004
-4.194000e-07,-0.004
-4.192000e-07,-0.004
-4.190000e-07,0
-4.188000e-07,-0.008
-4.186000e-07,-0.008
-4.184000e-07,0
-4.182000e-07,0
-4.180000e-07,-0.004
-4.178000e-07,-0.008
-4.176000e-07,-0.012
-4.174000e-07,-0.008
-4.172000e-07,0
-4.170000e-07,-0.008
-4.168000e-07,-0.004
-4.166000e-07,-0.012
-4.164000e-07,-0.004
-4.162000e-07,-0.004
-4.160000e-07,-0.008
-4.158000e-07,-0.008
-4.156000e-07,-0.008
-4.154000e-07,-0.008
-4.152000e-07,-0.004
-4.150000e-07,-0.012
-4.148000e-07,-0.008
-4.146000e-07,-0.008
-4.144000e-07,0
-4.142000e-07,-0.008
-4.140000e-07,-0.008
-4.138000e-07,-0.008
-4.136000e-07,-0.004
-4.134000e-07,-0.008
-4.132000e-07,-0.008
-4.130000e-07,-0.008
-4.128000e-07,-0.008
-4.126000e-07,-0.008
-4.124000e-07,-0.004
-4.122000e-07,-0.008
-4.120000e-07,-0.008
-4.118000e-07,-0.012
-4.116000e-07,-0.008
-4.114000e-07,-0.004
-4.112000e-07,-0.004
-4.110000e-07,-0.008
-4.108000e-07,0
-4.106000e-07,0
-4.104000e-07,0
-4.102000e-07,-0.004
-4.100000e-07,0
-4.098000e-07,-0.008
-4.096000e-07,-0.012
-4.094000e-07,-0.012
-4.092000e-07,-0.008
-4.090000e-07,0
-4.088000e-07,-0.004
-4.086000e-07,-0.008
-4.084000e-07,-0.012
-4.082000e-07,-0.02
-4.080000e-07,-0.012
-4.078000e-07,-0.008
-4.076000e-07,-0.008
-4.074000e-07,-0.008
-4.072000e-07,-0.008
-4.070000e-07,-0.012
-4.068000e-07,-0.008
-4.066000e-07,-0.008
-4.064000e-07,-0.008
-4.062000e-07,-0.004
-4.060000e-07,-0.004
-4.058000e-07,-0.008
-4.056000e-07,-0.008
-4.054000e-07,-0.012
-4.052000e-07,-0.008
-4.050000e-07,-0.004
-4.048000e-07,-0.004
-4.046000e-07,-0.008
-4.044000e-07,-0.008
-4.042000e-07,-0.012
-4.040000e-07,-0.008
-4.038000e-07,-0.008
-4.036000e-07,-0.012
-4.034000e-07,-0.008
-4.032000e-07,-0.008
-4.030000e-07,-0.004
-4.028000e-07,-0.004
-4.026000e-07,-0.012
-4.024000e-07,-0.008
-4.022000e-07,-0.012
-4.020000e-07,-0.004
-4.018000e-07,-0.008
-4.016000e-07,-0.008
-4.014000e-07,-0.008
-4.012000e-07,-0.008
-4.010000e-07,-0.008
-4.008000e-07,-0.008
-4.006000e-07,-0.012
-4.004000e-07,-0.008
-4.002000e-07,0
-4.000000e-07,0
-3.998000e-07,-0.008
-3.996000e-07,-0.008
-3.994000e-07,0
-3.992000e-07,0
-3.990000e-07,-0.004
-3.988000e-07,0
-3.986000e-07,-0.004
-3.984000e-07,-0.008
-3.982000e-07,-0.012
-3.980000e-07,-0.012
-3.978000e-07,-0.008
-3.976000e-07,-0.004
-3.974000e-07,-0.008
-3.972000e-07,-0.004
-3.970000e-07,-0.008
-3.968000e-07,-0.012
-3.966000e-07,-0.008
-3.964000e-07,-0.004
-3.962000e-07,-0.012
-3.960000e-07,-0.008
-3.958000e-07,-0.008
-3.956000e-07,-0.008
-3.954000e-07,-0.004
-3.952000e-07,-0.008
-3.950000e-07,-0.008
-3.948000e-07,-0.008
-3.946000e-07,-0.004
-3.944000e-07,-0.008
-3.942000e-07,-0.012
-3.940000e-07,-0.008
-3.938000e-07,-0.008
-3.936000e-07,-0.004
-3.934000e-07,-0.004
-3.932000e-07,-0.004
-3.930000e-07,-0.008
-3.928000e-07,-0.004
-3.926000e-07,-0.008
-3.924000e-07,0
-3.922000e-07,-0.008
-3.920000e-07,-0.008
-3.918000e-07,-0.012
-3.916000e-07,0
-3.914000e-07,0
-3.912000e-07,-0.008
-3.910000e-07,-0.008
-3.908000e-07,-0.008
-3.906000e-07,-0.008
-3.904000e-07,-0.008
-3.902000e-07,-0.008
-3.900000e-07,-0.008
-3.898000e-07,-0.008
-3.896000e-07,-0.004
-3.894000e-07,-0.012
-3.892000e-07,-0.004
-3.890000e-07,-0.008
-3.888000e-07,-0.008
-3.886000e-07,-0.008
-3.884000e-07,-0.008
-3.882000e-07,-0.004
-3.880000e-07,-0.004
-3.878000e-07,-0.008
-3.876000e-07,-0.008
-3.874000e-07,-0.012
-3.872000e-07,-0.004
-3.870000e-07,-0.008
-3.868000e-07,-0.004
-3.866000e-07,-0.004
-3.864000e-07,-0.004
-3.862000e-07,-0.008
-3.860000e-07,-0.004
-3.858000e-07,-0.008
-3.856000e-07,-0.004
-3.854000e-07,-0.008
-3.852000e-07,0
-3.850000e-07,-0.004
-3.848000e-07,-0.008
-3.846000e-07,-0.016
-3.844000e-07,-0.004
-3.842000e-07,-0.008
-3.840000e-07,-0.008
-3.838000e-07,-0.004
-3.836000e-07,-0.004
-3.834000e-07,-0.012
-3.832000e-07,-0.012
-3.830000e-07,-0.008
-3.828000e-07,-0.004
-3.826000e-07,-0.004
-3.824000e-07,-0.004
-3.822000e-07,-0.012
-3.820000e-07,-0.008
-3.818000e-07,-0.004
-3.816000e-07,-0.004
-3.814000e-07,-0.004
-3.812000e-07,-0.004
-3.810000e-07,-0.008
-3.808000e-07,-0.004
-3.806000e-07,-0.008
-3.804000e-07,-0.012
-3.802000e-07,-0.008
-3.800000e-07,-0.004
-3.798000e-07,-0.008
-3.796000e-07,-0.008
-3.794000e-07,-0.012
-3.792000e-07,-0.012
-3.790000e-07,-0.008
-3.788000e-07,-0.004
-3.786000e-07,-0.008
-3.784000e-07,-0.008
-3.782000e-07,-0.008
-3.780000e-07,-0.008
-3.778000e-07,0
-3.776000e-07,-0.004
-3.774000e-07,-0.008
-3.772000e-07,-0.008
-3.770000e-07,-0.008
-3.768000e-07,-0.008
-3.766000e-07,-0.004
-3.764000e-07,-0.004
-3.762000e-07,-0.008
-3.760000e-07,-0.004
-3.758000e-07,-0.008
-3.756000e-07,-0.008
-3.754000e-07,-0.008
-3.752000e-07,-0.008
-3.750000e-07,-0.012
-3.748000e-07,-0.004
-3.746000e-07,-0.004
-3.744000e-07,-0.008
-3.742000e-07,-0.008
-3.740000e-07,-0.008
-3.738000e-07,-0.008
-3.736000e-07,-0.008
-3.734000e-07,-0.008
-3.732000e-07,0
-3.730000e-07,-0.004
-3.728000e-07,0
-3.726000e-07,-0.012
-3.724000e-07,-0.008
-3.722000e-07,-0.012
-3.720000e-07,-0.008
-3.718000e-07,-0.016
-3.716000e-07,-0.008
-3.714000e-07,-0.012
-3.712000e-07,-0.004
-3.710000e-07,-0.008
-3.708000e-07,-0.004
-3.706000e-07,-0.008
-3.704000e-07,-0.004
-3.702000e-07,-0.008
-3.700000e-07,-0.008
-3.698000e-07,-0.008
-3.696000e-07,-0.008
-3.694000e-07,-0.008
-3.692000e-07,-0.004
-3.690000e-07,-0.012
-3.688000e-07,-0.012
-3.686000e-07,-0.008
-3.684000e-07,-0.004
-3.682000e-07,-0.004
-3.680000e-07,-0.004
-3.678000e-07,-0.008
-3.676000e-07,-0.004
-3.674000e-07,-0.008
-3.672000e-07,-0.008
-3.670000e-07,-0.008
-3.668000e-07,-0.012
-3.666000e-07,0
-3.664000e-07,0
-3.662000e-07,-0.008
-3.660000e-07,-0.004
-3.658000e-07,0
-3.656000e-07,0.004
-3.654000e-07,-0.008
-3.652000e-07,-0.008
-3.650000e-07,-0.008
-3.648000e-07,-0.004
-3.646000e-07,-0.004
-3.644000e-07,-0.004
-3.642000e-07,-0.008
-3.640000e-07,-0.008
-3.638000e-07,-0.008
-3.636000e-07,-0.004
-3.634000e-07,-0.004
-3.632000e-07,-0.004
-3.630000e-07,-0.008
-3.628000e-07,-0.004
-3.626000e-07,-0.004
-3.624000e-07,-0.004
-3.622000e-07,-0.012
-3.620000e-07,-0.008
-3.618000e-07,-0.012
-3.616000e-07,-0.004
-3.614000e-07,-0.004
-3.612000e-07,-0.004
-3.610000e-07,-0.004
-3.608000e-07,-0.008
-3.606000e-07,0
-3.604000e-07,-0.004
-3.602000e-07,-0.008
-3.600000e-07,-0.012
-3.598000e-07,-0.008
-3.596000e-07,-0.004
-3.594000e-07,-0.008
-3.592000e-07,-0.004
-3.590000e-07,-0.012
-3.588000e-07,-0.008
-3.586000e-07,-0.004
-3.584000e-07,0
-3.582000e-07,-0.004
-3.580000e-07,-0.008
-3.578000e-07,-0.004
-3.576000e-07,-0.004
-3.574000e-07,-0.004
-3.572000e-07,-0.008
-3.570000e-07,-0.008
-3.568000e-07,-0.004
-3.566000e-07,-0.008
-3.564000e-07,-0.004
-3.562000e-07,-0.008
-3.560000e-07,-0.012
-3.558000e-07,-0.004
-3.556000e-07,-0.008
-3.554000e-07,-0.012
-3.552000e-07,-0.004
-3.550000e-07,-0.008
-3.548000e-07,-0.008
-3.546000e-07,-0.008
-3.544000e-07,-0.012
-3.542000e-07,-0.008
-3.540000e-07,-0.004
-3.538000e-07,0
-3.536000e-07,0
-3.534000e-07,-0.004
-3.532000e-07,-0.012
-3.530000e-07,-0.008
-3.528000e-07,-0.008
-3.526000e-07,-0.008
-3.524000e-07,-0.008
-3.522000e-07,-0.008
-3.520000e-07,-0.008
-3.518000e-07,-0.012
-3.516000e-07,-0.016
-3.514000e-07,-0.008
-3.512000e-07,-0.004
-3.510000e-07,-0.012
-3.508000e-07,-0.012
-3.506000e-07,-0.012
-3.504000e-07,-0.004
-3.502000e-07,-0.008
-3.500000e-07,-0.004
-3.498000e-07,-0.012
-3.496000e-07,-0.004
-3.494000e-07,-0.004
-3.492000e-07,-0.004
-3.490000e-07,-0.008
-3.488000e-07,-0.004
-3.486000e-07,0
-3.484000e-07,-0.004
-3.482000e-07,-0.016
-3.480000e-07,-0.012
-3.478000e-07,-0.012
-3.476000e-07,-0.008
-3.474000e-07,-0.012
-3.472000e-07,-0.008
-3.470000e-07,-0.004
-3.468000e-07,-0.004
-3.466000e-07,-0.004
-3.464000e-07,-0.004
-3.462000e-07,-0.008
-3.460000e-07,-0.008
-3.458000e-07,-0.008
-3.456000e-07,-0.008
-3.454000e-07,-0.008
-3.452000e-07,-0.004
-3.450000e-07,-0.012
-3.448000e-07,-0.004
-3.446000e-07,-0.008
-3.444000e-07,-0.004
-3.442000e-07,-0.004
-3.440000e-07,-0.004
-3.438000e-07,-0.004
-3.436000e-07,-0.004
-3.434000e-07,-0.008
-3.432000e-07,-0.008
-3.430000e-07,-0.008
-3.428000e-07,-0.004
-3.426000e-07,-0.008
-3.424000e-07,-0.008
-3.422000e-07,-0.008
-3.420000e-07,-0.008
-3.418000e-07,-0.012
-3.416000e-07,-0.008
-3.414000e-07,-0.008
-3.412000e-07,-0.004
-3.410000e-07,-0.008
-3.408000e-07,-0.008
-3.406000e-07,-0.004
-3.404000e-07,-0.004
-3.402000e-07,-0.008
-3.400000e-07,-0.012
-3.398000e-07,-0.008
-3.396000e-07,-0.004
-3.394000e-07,-0.004
-3.392000e-07,-0.004
-3.390000e-07,-0.012
-3.388000e-07,-0.004
-3.386000e-07,0
-3.384000e-07,0
-3.382000e-07,-0.004
-3.380000e-07,-0.004
-3.378000e-07,-0.008
-3.376000e-07,-0.008
-3.374000e-07,-0.012
-3.372000e-07,-0.004
-3.370000e-07,-0.004
-3.368000e-07,0
-3.366000e-07,-0.004
-3.364000e-07,-0.004
-3.362000e-07,-0.004
-3.360000e-07,0
-3.358000e-07,-0.004
-3.356000e-07,-0.004
-3.354000e-07,-0.016
-3.352000e-07,-0.012
-3.350000e-07,-0.012
-3.348000e-07,-0.008
-3.346000e-07,-0.004
-3.344000e-07,-0.004
-3.342000e-07,-0.012
-3.340000e-07,-0.012
-3.338000e-07,-0.004
-3.336000e-07,-0.008
-3.334000e-07,-0.012
-3.332000e-07,-0.008
-3.330000e-07,-0.004
-3.328000e-07,-0.004
-3.326000e-07,-0.008
-3.324000e-07,-0.008
-3.322000e-07,-0.008
-3.320000e-07,-0.008
-3.318000e-07,-0.008
-3.316000e-07,-0.004
-3.314000e-07,-0.012
-3.312000e-07,-0.012
-3.310000e-07,-0.012
-3.308000e-07,-0.004
-3.306000e-07,-0.008
-3.304000e-07,-0.008
-3.302000e-07,-0.008
-3.300000e-07,0
-3.298000e-07,-0.008
-3.296000e-07,-0.008
-3.294000e-07,-0.008
-3.292000e-07,-0.004
-3.290000e-07,-0.008
-3.288000e-07,-0.004
-3.286000e-07,-0.012
-3.284000e-07,-0.008
-3.282000e-07,-0.004
-3.280000e-07,0
-3.278000e-07,0
-3.276000e-07,0
-3.274000e-07,-0.004
-3.272000e-07,-0.004
-3.270000e-07,-0.004
-3.268000e-07,-0.008
-3.266000e-07,-0.008
-3.264000e-07,-0.004
-3.262000e-07,-0.008
-3.260000e-07,-0.004
-3.258000e-07,-0.008
-3.256000e-07,-0.008
-3.254000e-07,-0.008
-3.252000e-07,-0.004
-3.250000e-07,-0.008
-3.248000e-07,-0.012
-3.246000e-07,-0.016
-3.244000e-07,-0.012
-3.242000e-07,-0.008
-3.240000e-07,-0.008
-3.238000e-07,-0.008
-3.236000e-07,-0.008
-3.234000e-07,-0.004
-3.232000e-07,-0.004
-3.230000e-07,-0.008
-3.228000e-07,-0.008
-3.226000e-07,-0.008
-3.224000e-07,-0.008
-3.222000e-07,-0.008
-3.220000e-07,-0.012
-3.218000e-07,-0.008
-3.216000e-07,-0.008
-3.214000e-07,-0.004
-3.212000e-07,-0.008
-3.210000e-07,-0.008
-3.208000e-07,-0.008
-3.206000e-07,-0.008
-3.204000e-07,-0.008
-3.202000e-07,-0.004
-3.200000e-07,-0.004
-3.198000e-07,-0.004
-3.196000e-07,-0.004
-3.194000e-07,-0.008
-3.192000e-07,-0.008
-3.190000e-07,-0.008
-3.188000e-07,-0.004
-3.186000e-07,0
-3.184000e-07,-0.004
-3.182000e-07,-0.008
-3.180000e-07,-0.008
-3.178000e-07,-0.012
-3.176000e-07,-0.004
-3.174000e-07,-0.008
-3.172000e-07,-0.008
-3.170000e-07,-0.004
-3.168000e-07,-0.008
-3.166000e-07,-0.012
-3.164000e-07,-0.004
-3.162000e-07,-0.008
-3.160000e-07,-0.008
-3.158000e-07,-0.008
-3.156000e-07,-0.004
-3.154000e-07,-0.012
-3.152000e-07,-0.008
-3.150000e-07,-0.012
-3.148000e-07,-0.008
-3.146000e-07,-0.012
-3.144000e-07,-0.008
-3.142000e-07,-0.008
-3.140000e-07,-0.004
-3.138000e-07,-0.004
-3.136000e-07,-0.004
-3.134000e-07,-0.008
-3.132000e-07,-0.004
-3.130000e-07,-0.004
-3.128000e-07,-0.004
-3.126000e-07,-0.004
-3.124000e-07,-0.008
-3.122000e-07,-0.004
-3.120000e-07,0
-3.118000e-07,0.004
-3.116000e-07,0
-3.114000e-07,0.004
-3.112000e-07,0
-3.110000e-07,-0.004
-3.108000e-07,-0.012
-3.106000e-07,-0.012
-3.104000e-07,-0.008
-3.102000e-07,-0.008
-3.100000e-07,-0.004
-3.098000e-07,-0.004
-3.096000e-07,0
-3.094000e-07,-0.008
-3.092000e-07,0
-3.090000e-07,-0.008
-3.088000e-07,-0.004
-3.086000e-07,-0.008
-3.084000e-07,-0.004
-3.082000e-07,-0.008
-3.080000e-07,-0.008
-3.078000e-07,-0.008
-3.076000e-07,-0.004
-3.074000e-07,-0.004
-3.072000e-07,-0.012
-3.070000e-07,-0.012
-3.068000e-07,-0.004
-3.066000e-07,-0.008
-3.064000e-07,-0.008
-3.062000e-07,-0.008
-3.060000e-07,-0.004
-3.058000e-07,-0.008
-3.056000e-07,-0.004
-3.054000e-07,-0.008
-3.052000e-07,-0.008
-3.050000e-07,-0.004
-3.048000e-07,0
-3.046000e-07,0
-3.044000e-07,0
-3.042000e-07,0
-3.040000e-07,-0.008
-3.038000e-07,-0.012
-3.036000e-07,-0.012
-3.034000e-07,-0.012
-3.032000e-07,-0.004
-3.030000e-07,-0.004
-3.028000e-07,-0.008
-3.026000e-07,-0.008
-3.024000e-07,-0.004
-3.022000e-07,-0.004
-3.020000e-07,-0.004
-3.018000e-07,-0.008
-3.016000e-07,-0.004
-3.014000e-07,-0.012
-3.012000e-07,-0.008
-3.010000e-07,-0.008
-3.008000e-07,-0.008
-3.006000e-07,-0.008
-3.004000e-07,-0.004
-3.002000e-07,-0.012
-3.000000e-07,-0.012
-2.998000e-07,-0.008
-2.996000e-07,-0.008
-2.994000e-07,-0.008
-2.992000e-07,-0.008
-2.990000e-07,-0.012
-2.988000e-07,-0.008
-2.986000e-07,-0.004
-2.984000e-07,-0.004
-2.982000e-07,-0.008
-2.980000e-07,-0.004
-2.978000e-07,-0.004
-2.976000e-07,-0.004
-2.974000e-07,-0.004
-2.972000e-07,-0.004
-2.970000e-07,-0.008
-2.968000e-07,-0.004
-2.966000e-07,0
-2.964000e-07,-0.004
-2.962000e-07,-0.004
-2.960000e-07,-0.008
-2.958000e-07,-0.008
-2.956000e-07,-0.004
-2.954000e-07,-0.008
-2.952000e-07,-0.008
-2.950000e-07,-0.004
-2.948000e-07,-0.008
-2.946000e-07,-0.008
-2.944000e-07,-0.008
-2.942000e-07,-0.008
-2.940000e-07,-0.008
-2.938000e-07,-0.008
-2.936000e-07,-0.004
-2.934000e-07,0
-2.932000e-07,-0.004
-2.930000e-07,-0.004
-2.928000e-07,-0.008
-2.926000e-07,-0.008
-2.924000e-07,-0.004
-2.922000e-07,-0.012
-2.920000e-07,-0.008
-2.918000e-07,-0.008
-2.916000e-07,-0.008
-2.914000e-07,-0.008
-2.912000e-07,-0.008
-2.910000e-07,-0.008
-2.908000e-07,-0.008
-2.906000e-07,0
-2.904000e-07,-0.004
-2.902000e-07,-0.008
-2.900000e-07,-0.004
-2.898000e-07,-0.012
-2.896000e-07,-0.008
-2.894000e-07,-0.012
-2.892000e-07,-0.008
-2.890000e-07,-0.004
-2.888000e-07,-0.004
-2.886000e-07,-0.004
-2.884000e-07,-0.008
-2.882000e-07,-0.008
-2.880000e-07,0.004
-2.878000e-07,-0.004
-2.876000e-07,0
-2.874000e-07,-0.008
-2.872000e-07,-0.004
-2.870000e-07,-0.004
-2.868000e-07,-0.004
-2.866000e-07,-0.012
-2.864000e-07,0
-2.862000e-07,0
-2.860000e-07,-0.004
-2.858000e-07,-0.012
-2.856000e-07,0
-2.854000e-07,-0.004
-2.852000e-07,0
-2.850000e-07,-0.008
-2.848000e-07,-0.008
-2.846000e-07,-0.004
-2.844000e-07,-0.008
-2.842000e-07,-0.008
-2.840000e-07,-0.008
-2.838000e-07,-0.008
-2.836000e-07,-0.004
-2.834000e-07,-0.008
-2.832000e-07,-0.008
-2.830000e-07,-0.008
-2.828000e-07,-0.004
-2.826000e-07,-0.008
-2.824000e-07,-0.004
-2.822000e-07,-0.008
-2.820000e-07,-0.004
-2.818000e-07,-0.004
-2.816000e-07,-0.004
-2.814000e-07,-0.004
-2.812000e-07,0
-2.810000e-07,0
-2.808000e-07,-0.004
-2.806000e-07,-0.008
-2.804000e-07,0
-2.802000e-07,-0.004
-2.800000e-07,-0.004
-2.798000e-07,-0.008
-2.796000e-07,-0.008
-2.794000e-07,-0.012
-2.792000e-07,-0.008
-2.790000e-07,-0.008
-2.788000e-07,-0.004
-2.786000e-07,0
-2.784000e-07,-0.004
-2.782000e-07,-0.008
-2.780000e-07,-0.004
-2.778000e-07,-0.004
-2.776000e-07,-0.004
-2.774000e-07,-0.004
-2.772000e-07,-0.004
-2.770000e-07,-0.008
-2.768000e-07,-0.012
-2.766000e-07,-0.008
-2.764000e-07,-0.008
-2.762000e-07,-0.008
-2.760000e-07,-0.004
-2.758000e-07,-0.004
-2.756000e-07,-0.004
-2.754000e-07,-0.012
-2.752000e-07,-0.004
-2.750000e-07,-0.008
-2.748000e-07,-0.008
-2.746000e-07,-0.008
-2.744000e-07,0
-2.742000e-07,-0.004
-2.740000e-07,-0.004
-2.738000e-07,-0.004
-2.736000e-07,-0.004
-2.734000e-07,-0.004
-2.732000e-07,-0.008
-2.730000e-07,-0.008
-2.728000e-07,-0.012
-2.726000e-07,-0.004
-2.724000e-07,0.004
-2.722000e-07,0
-2.720000e-07,0
-2.718000e-07,-0.008
-2.716000e-07,-0.012
-2.714000e-07,-0.012
-2.712000e-07,-0.008
-2.710000e-07,-0.008
-2.708000e-07,-0.012
-2.706000e-07,-0.008
-2.704000e-07,-0.004
-2.702000e-07,-0.008
-2.700000e-07,-0.008
-2.698000e-07,-0.008
-2.696000e-07,-0.012
-2.694000e-07,-0.008
-2.692000e-07,-0.008
-2.690000e-07,-0.008
-2.688000e-07,-0.004
-2.686000e-07,-0.004
-2.684000e-07,-0.004
-2.682000e-07,-0.008
-2.680000e-07,-0.008
-2.678000e-07,-0.008
-2.676000e-07,-0.008
-2.674000e-07,-0.008
-2.672000e-07,-0.004
-2.670000e-07,-0.004
-2.668000e-07,-0.004
-2.666000e-07,-0.008
-2.664000e-07,-0.008
-2.662000e-07,-0.004
-2.660000e-07,0
-2.658000e-07,0
-2.656000e-07,-0.008
-2.654000e-07,-0.008
-2.652000e-07,-0.004
-2.650000e-07,-0.008
-2.648000e-07,-0.004
-2.646000e-07,-0.008
-2.644000e-07,-0.004
-2.642000e-07,-0.012
-2.640000e-07,-0.004
-2.638000e-07,-0.012
-2.636000e-07,-0.008
-2.634000e-07,-0.008
-2.632000e-07,0
-2.630000e-07,-0.008
-2.628000e-07,-0.004
-2.626000e-07,-0.012
-2.624000e-07,-0.004
-2.622000e-07,-0.012
-2.620000e-07,-0.008
-2.618000e-07,-0.008
-2.616000e-07,-0.008
-2.614000e-07,-0.004
-2.612000e-07,-0.004
-2.610000e-07,-0.012
-2.608000e-07,-0.008
-2.606000e-07,-0.004
-2.604000e-07,0
-2.602000e-07,-0.004
-2.600000e-07,-0.004
-2.598000e-07,-0.008
-2.596000e-07,-0.004
-2.594000e-07,-0.008
-2.592000e-07,-0.008
-2.590000e-07,-0.008
-2.588000e-07,-0.008
-2.586000e-07,-0.008
-2.584000e-07,-0.008
-2.582000e-07,-0.008
-2.580000e-07,-0.008
-2.578000e-07,-0.008
-2.576000e-07,-0.012
-2.574000e-07,0
-2.572000e-07,0
-2.570000e-07,-0.012
-2.568000e-07,-0.008
-2.566000e-07,-0.008
-2.564000e-07,-0.004
-2.562000e-07,-0.008
-2.560000e-07,-0.008
-2.558000e-07,-0.008
-2.556000e-07,0
-2.554000e-07,-0.004
-2.552000e-07,-0.004
-2.550000e-07,-0.008
-2.548000e-07,-0.008
-2.546000e-07,-0.008
-2.544000e-07,-0.008
-2.542000e-07,-0.004
-2.540000e-07,0
-2.538000e-07,-0.008
-2.536000e-07,-0.008
-2.534000e-07,-0.008
-2.532000e-07,-0.012
-2.530000e-07,-0.008
-2.528000e-07,-0.004
-2.526000e-07,-0.008
-2.524000e-07,-0.004
-2.522000e-07,-0.004
-2.520000e-07,-0.004
-2.518000e-07,0
-2.516000e-07,-0.008
-2.514000e-07,-0.004
-2.512000e-07,0
-2.510000e-07,-0.008
-2.508000e-07,-0.004
-2.506000e-07,-0.008
-2.504000e-07,-0.004
-2.502000e-07,-0.008
-2.500000e-07,-0.012
-2.498000e-07,-0.012
-2.496000e-07,-0.004
-2.494000e-07,-0.004
-2.492000e-07,-0.004
-2.490000e-07,-0.008
-2.488000e-07,-0.004
-2.486000e-07,-0.008
-2.484000e-07,-0.008
-2.482000e-07,-0.008
-2.480000e-07,-0.004
-2.478000e-07,-0.008
-2.476000e-07,-0.008
-2.474000e-07,-0.008
-2.472000e-07,-0.008
-2.470000e-07,-0.004
-2.468000e-07,-0.004
-2.466000e-07,-0.004
-2.464000e-07,-0.004
-2.462000e-07,-0.012
-2.460000e-07,-0.012
-2.458000e-07,-0.008
-2.456000e-07,-0.008
-2.454000e-07,-0.004
-2.452000e-07,-0.008
-2.450000e-07,-0.008
-2.448000e-07,-0.004
-2.446000e-07,0.004
-2.444000e-07,-0.004
-2.442000e-07,-0.008
-2.440000e-07,-0.004
-2.438000e-07,-0.008
-2.436000e-07,-0.008
-2.434000e-07,-0.008
-2.432000e-07,-0.008
-2.430000e-07,-0.008
-2.428000e-07,-0.004
-2.426000e-07,-0.008
-2.424000e-07,-0.008
-2.422000e-07,-0.004
-2.420000e-07,-0.012
-2.418000e-07,-0.012
-2.416000e-07,-0.004
-2.414000e-07,0
-2.412000e-07,-0.004
-2.410000e-07,-0.008
-2.408000e-07,-0.004
-2.406000e-07,-0.008
-2.404000e-07,-0.004
-2.402000e-07,-0.008
-2.400000e-07,-0.008
-2.398000e-07,-0.008
-2.396000e-07,-0.004
-2.394000e-07,-0.004
-2.392000e-07,-0.004
-2.390000e-07,-0.008
-2.388000e-07,-0.008
-2.386000e-07,-0.008
-2.384000e-07,-0.004
-2.382000e-07,-0.008
-2.380000e-07,0
-2.378000e-07,-0.008
-2.376000e-07,-0.004
-2.374000e-07,-0.008
-2.372000e-07,-0.008
-2.370000e-07,-0.008
-2.368000e-07,-0.004
-2.366000e-07,-0.008
-2.364000e-07,-0.008
-2.362000e-07,-0.012
-2.360000e-07,-0.008
-2.358000e-07,-0.012
-2.356000e-07,-0.012
-2.354000e-07,-0.012
-2.352000e-07,-0.012
-2.350000e-07,-0.008
-2.348000e-07,-0.004
-2.346000e-07,-0.008
-2.344000e-07,-0.008
-2.342000e-07,0
-2.340000e-07,-0.008
-2.338000e-07,-0.008
-2.336000e-07,-0.008
-2.334000e-07,-0.008
-2.332000e-07,-0.004
-2.330000e-07,-0.008
-2.328000e-07,-0.012
-2.326000e-07,-0.008
-2.324000e-07,-0.008
-2.322000e-07,-0.012
-2.320000e-07,-0.004
-2.318000e-07,-0.004
-2.316000e-07,-0.004
-2.314000e-07,-0.008
-2.312000e-07,-0.012
-2.310000e-07,-0.008
-2.308000e-07,-0.004
-2.306000e-07,0.004
-2.304000e-07,-0.004
-2.302000e-07,-0.008
-2.300000e-07,-0.008
-2.298000e-07,-0.008
-2.296000e-07,0
-2.294000e-07,-0.004
-2.292000e-07,-0.004
-2.290000e-07,-0.008
-2.288000e-07,-0.008
-2.286000e-07,-0.004
-2.284000e-07,-0.004
-2.282000e-07,-0.008
-2.280000e-07,-0.004
-2.278000e-07,-0.008
-2.276000e-07,-0.004
-2.274000e-07,-0.012
-2.272000e-07,-0.008
-2.270000e-07,-0.008
-2.268000e-07,-0.008
-2.266000e-07,-0.012
-2.264000e-07,-0.008
-2.262000e-07,-0.004
-2.260000e-07,-0.004
-2.258000e-07,0
-2.256000e-07,0
-2.254000e-07,0
-2.252000e-07,0
-2.250000e-07,0
-2.248000e-07,-0.004
-2.246000e-07,-0.008
-2.244000e-07,-0.004
-2.242000e-07,-0.012
-2.240000e-07,-0.012
-2.238000e-07,-0.012
-2.236000e-07,-0.008
-2.234000e-07,-0.008
-2.232000e-07,-0.004
-2.230000e-07,-0.004
-2.228000e-07,-0.004
-2.226000e-07,-0.008
-2.224000e-07,-0.008
-2.222000e-07,-0.012
-2.220000e-07,-0.008
-2.218000e-07,-0.004
-2.216000e-07,0
-2.214000e-07,-0.008
-2.212000e-07,-0.008
-2.210000e-07,-0.016
-2.208000e-07,-0.008
-2.206000e-07,-0.008
-2.204000e-07,0
-2.202000e-07,-0.008
-2.200000e-07,-0.004
-2.198000e-07,-0.008
-2.196000e-07,-0.008
-2.194000e-07,-0.008
-2.192000e-07,-0.004
-2.190000e-07,-0.004
-2.188000e-07,-0.008
-2.186000e-07,-0.012
-2.184000e-07,-0.004
-2.182000e-07,-0.008
-2.180000e-07,-0.004
-2.178000e-07,-0.008
-2.176000e-07,-0.004
-2.174000e-07,-0.008
-2.172000e-07,-0.008
-2.170000e-07,-0.008
-2.168000e-07,-0.012
-2.166000e-07,-0.008
-2.164000e-07,-0.004
-2.162000e-07,-0.008
-2.160000e-07,-0.008
-2.158000e-07,-0.012
-2.156000e-07,-0.008
-2.154000e-07,-0.012
-2.152000e-07,-0.012
-2.150000e-07,-0.012
-2.148000e-07,-0.008
-2.146000e-07,0
-2.144000e-07,-0.004
-2.142000e-07,-0.008
-2.140000e-07,-0.004
-2.138000e-07,-0.004
-2.136000e-07,-0.004
-2.134000e-07,-0.004
-2.132000e-07,-0.004
-2.130000e-07,-0.004
-2.128000e-07,-0.004
-2.126000e-07,-0.008
-2.124000e-07,-0.016
-2.122000e-07,-0.008
-2.120000e-07,0
-2.118000e-07,-0.008
-2.116000e-07,-0.008
-2.114000e-07,-0.004
-2.112000e-07,-0.008
-2.110000e-07,-0.004
-2.108000e-07,-0.008
-2.106000e-07,-0.004
-2.104000e-07,-0.008
-2.102000e-07,-0.008
-2.100000e-07,-0.008
-2.098000e-07,-0.004
-2.096000e-07,-0.004
-2.094000e-07,-0.004
-2.092000e-07,-0.004
-2.090000e-07,-0.008
-2.088000e-07,0
-2.086000e-07,-0.008
-2.084000e-07,-0.008
-2.082000e-07,-0.008
-2.080000e-07,-0.008
-2.078000e-07,-0.008
-2.076000e-07,-0.004
-2.074000e-07,0
-2.072000e-07,-0.008
-2.070000e-07,-0.008
-2.068000e-07,-0.008
-2.066000e-07,-0.004
-2.064000e-07,-0.004
-2.062000e-07,-0.008
-2.060000e-07,-0.008
-2.058000e-07,-0.004
-2.056000e-07,-0.008
-2.054000e-07,-0.008
-2.052000e-07,-0.004
-2.050000e-07,-0.004
-2.048000e-07,-0.012
-2.046000e-07,-0.004
-2.044000e-07,-0.004
-2.042000e-07,0
-2.040000e-07,0
-2.038000e-07,-0.004
-2.036000e-07,-0.012
-2.034000e-07,-0.012
-2.032000e-07,-0.004
-2.030000e-07,0
-2.028000e-07,-0.004
-2.026000e-07,-0.012
-2.024000e-07,-0.012
-2.022000e-07,-0.008
-2.020000e-07,-0.008
-2.018000e-07,-0.008
-2.016000e-07,-0.004
-2.014000e-07,-0.008
-2.012000e-07,-0.008
-2.010000e-07,-0.004
-2.008000e-07,-0.004
-2.006000e-07,-0.008
-2.004000e-07,-0.008
-2.002000e-07,-0.008
-2.000000e-07,-0.008
-1.998000e-07,-0.008
-1.996000e-07,-0.008
-1.994000e-07,-0.004
-1.992000e-07,-0.004
-1.990000e-07,-0.008
-1.988000e-07,-0.008
-1.986000e-07,-0.008
-1.984000e-07,0
-1.982000e-07,0
-1.980000e-07,-0.004
-1.978000e-07,-0.008
-1.976000e-07,-0.004
-1.974000e-07,0
-1.972000e-07,-0.004
-1.970000e-07,-0.008
-1.968000e-07,-0.004
-1.966000e-07,-0.008
-1.964000e-07,-0.004
-1.962000e-07,-0.008
-1.960000e-07,-0.008
-1.958000e-07,-0.008
-1.956000e-07,-0.004
-1.954000e-07,-0.008
-1.952000e-07,0
-1.950000e-07,-0.004
-1.948000e-07,-0.004
-1.946000e-07,-0.008
-1.944000e-07,-0.012
-1.942000e-07,-0.004
-1.940000e-07,-0.004
-1.938000e-07,-0.008
-1.936000e-07,-0.004
-1.934000e-07,-0.012
-1.932000e-07,-0.004
-1.930000e-07,-0.008
-1.928000e-07,-0.008
-1.926000e-07,-0.008
-1.924000e-07,0
-1.922000e-07,-0.008
-1.920000e-07,-0.004
-1.918000e-07,-0.004
-1.916000e-07,0
-1.914000e-07,-0.004
-1.912000e-07,-0.004
-1.910000e-07,-0.008
-1.908000e-07,-0.008
-1.906000e-07,-0.008
-1.904000e-07,-0.004
-1.902000e-07,-0.008
-1.900000e-07,-0.008
-1.898000e-07,-0.008
-1.896000e-07,-0.004
-1.894000e-07,-0.004
-1.892000e-07,0
-1.890000e-07,-0.008
-1.888000e-07,-0.008
-1.886000e-07,0
-1.884000e-07,0
-1.882000e-07,-0.008
-1.880000e-07,-0.02
-1.878000e-07,-0.016
-1.876000e-07,-0.016
-1.874000e-07,-0.012
-1.872000e-07,-0.008
-1.870000e-07,-0.004
-1.868000e-07,-0.004
-1.866000e-07,-0.004
-1.864000e-07,-0.012
-1.862000e-07,-0.012
-1.860000e-07,-0.008
-1.858000e-07,-0.008
-1.856000e-07,-0.004
-1.854000e-07,-0.008
-1.852000e-07,0
-1.850000e-07,-0.004
-1.848000e-07,0
-1.846000e-07,0
-1.844000e-07,-0.008
-1.842000e-07,-0.012
-1.840000e-07,-0.004
-1.838000e-07,-0.008
-1.836000e-07,-0.008
-1.834000e-07,-0.004
-1.832000e-07,-0.008
-1.830000e-07,-0.008
-1.828000e-07,-0.012
-1.826000e-07,-0.004
-1.824000e-07,-0.004
-1.822000e-07,-0.008
-1.820000e-07,-0.004
-1.818000e-07,-0.004
-1.816000e-07,0
-1.814000e-07,-0.004
-1.812000e-07,-0.008
-1.810000e-07,-0.008
-1.808000e-07,0
-1.806000e-07,-0.008
-1.804000e-07,-0.008
-1.802000e-07,-0.008
-1.800000e-07,-0.004
-1.798000e-07,-0.004
-1.796000e-07,-0.004
-1.794000e-07,-0.004
-1.792000e-07,-0.004
-1.790000e-07,-0.008
-1.788000e-07,-0.008
-1.786000e-07,-0.008
-1.784000e-07,-0.004
-1.782000e-07,-0.008
-1.780000e-07,-0.004
-1.778000e-07,-0.008
-1.776000e-07,0
-1.774000e-07,-0.008
-1.772000e-07,-0.008
-1.770000e-07,-0.008
-1.768000e-07,-0.004
-1.766000e-07,-0.004
-1.764000e-07,-0.004
-1.762000e-07,-0.008
-1.760000e-07,-0.004
-1.758000e-07,-0.008
-1.756000e-07,-0.004
-1.754000e-07,-0.004
-1.752000e-07,0
-1.750000e-07,-0.004
-1.748000e-07,-0.008
-1.746000e-07,-0.008
-1.744000e-07,-0.008
-1.742000e-07,-0.012
-1.740000e-07,-0.004
-1.738000e-07,-0.008
-1.736000e-07,-0.008
-1.734000e-07,-0.008
-1.732000e-07,0
-1.730000e-07,-0.008
-1.728000e-07,-0.004
-1.726000e-07,-0.008
-1.724000e-07,-0.004
-1.722000e-07,-0.008
-1.720000e-07,-0.008
-1.718000e-07,-0.008
-1.716000e-07,-0.012
-1.714000e-07,-0.008
-1.712000e-07,-0.004
-1.710000e-07,-0.008
-1.708000e-07,-0.004
-1.706000e-07,0
-1.704000e-07,-0.004
-1.702000e-07,-0.008
-1.700000e-07,-0.004
-1.698000e-07,-0.004
-1.696000e-07,-0.004
-1.694000e-07,-0.012
-1.692000e-07,-0.004
-1.690000e-07,-0.004
-1.688000e-07,0
-1.686000e-07,-0.004
-1.684000e-07,-0.004
-1.682000e-07,-0.008
-1.680000e-07,-0.012
-1.678000e-07,-0.008
-1.676000e-07,-0.004
-1.674000e-07,-0.004
-1.672000e-07,-0.004
-1.670000e-07,-0.008
-1.668000e-07,-0.008
-1.666000e-07,-0.004
-1.664000e-07,-0.004
-1.662000e-07,0
-1.660000e-07,-0.004
-1.658000e-07,-0.012
-1.656000e-07,-0.004
-1.654000e-07,-0.004
-1.652000e-07,-0.008
-1.650000e-07,-0.004
-1.648000e-07,0
-1.646000e-07,-0.004
-1.644000e-07,-0.004
-1.642000e-07,-0.008
-1.640000e-07,-0.004
-1.638000e-07,-0.012
-1.636000e-07,-0.012
-1.634000e-07,-0.012
-1.632000e-07,-0.008
-1.630000e-07,-0.008
-1.628000e-07,-0.008
-1.626000e-07,-0.012
-1.624000e-07,-0.008
-1.622000e-07,-0.012
-1.620000e-07,-0.004
-1.618000e-07,-0.004
-1.616000e-07,-0.004
-1.614000e-07,-0.008
-1.612000e-07,-0.004
-1.610000e-07,-0.004
-1.608000e-07,-0.008
-1.606000e-07,-0.008
-1.604000e-07,-0.008
-1.602000e-07,-0.008
-1.600000e-07,-0.012
-1.598000e-07,-0.012
-1.596000e-07,-0.012
-1.594000e-07,-0.008
-1.592000e-07,-0.008
-1.590000e-07,-0.004
-1.588000e-07,-0.008
-1.586000e-07,-0.008
-1.584000e-07,-0.004
-1.582000e-07,-0.004
-1.580000e-07,-0.004
-1.578000e-07,-0.012
-1.576000e-07,-0.004
-1.574000e-07,-0.004
-1.572000e-07,-0.008
-1.570000e-07,-0.008
-1.568000e-07,0
-1.566000e-07,0
-1.564000e-07,-0.004
-1.562000e-07,-0.008
-1.560000e-07,-0.008
-1.558000e-07,-0.008
-1.556000e-07,-0.004
-1.554000e-07,0
-1.552000e-07,-0.004
-1.550000e-07,-0.012
-1.548000e-07,-0.008
-1.546000e-07,-0.004
-1.544000e-07,0
-1.542000e-07,-0.008
-1.540000e-07,-0.008
-1.538000e-07,-0.008
-1.536000e-07,-0.004
-1.534000e-07,-0.008
-1.532000e-07,-0.012
-1.530000e-07,-0.008
-1.528000e-07,-0.004
-1.526000e-07,-0.004
-1.524000e-07,-0.004
-1.522000e-07,-0.008
-1.520000e-07,-0.012
-1.518000e-07,-0.008
-1.516000e-07,-0.004
-1.514000e-07,-0.008
-1.512000e-07,-0.008
-1.510000e-07,-0.004
-1.508000e-07,-0.008
-1.506000e-07,-0.008
-1.504000e-07,-0.012
-1.502000e-07,-0.008
-1.500000e-07,-0.004
-1.498000e-07,-0.008
-1.496000e-07,-0.008
-1.494000e-07,-0.008
-1.492000e-07,0
-1.490000e-07,-0.008
-1.488000e-07,-0.008
-1.486000e-07,-0.016
-1.484000e-07,-0.008
-1.482000e-07,-0.004
-1.480000e-07,0
-1.478000e-07,-0.004
-1.476000e-07,-0.008
-1.474000e-07,-0.012
-1.472000e-07,-0.008
-1.470000e-07,-0.004
-1.468000e-07,-0.008
-1.466000e-07,0
-1.464000e-07,-0.008
-1.462000e-07,-0.008
-1.460000e-07,-0.004
-1.458000e-07,-0.004
-1.456000e-07,-0.004
-1.454000e-07,-0.004
-1.452000e-07,-0.004
-1.450000e-07,-0.008
-1.448000e-07,-0.012
-1.446000e-07,-0.008
-1.444000e-07,-0.008
-1.442000e-07,-0.008
-1.440000e-07,-0.008
-1.438000e-07,-0.004
-1.436000e-07,-0.004
-1.434000e-07,-0.004
-1.432000e-07,-0.008
-1.430000e-07,-0.008
-1.428000e-07,-0.008
-1.426000e-07,-0.008
-1.424000e-07,-0.004
-1.422000e-07,-0.004
-1.420000e-07,0
-1.418000e-07,-0.004
-1.416000e-07,-0.008
-1.414000e-07,-0.004
-1.412000e-07,-0.004
-1.410000e-07,-0.004
-1.408000e-07,-0.008
-1.406000e-07,-0.008
-1.404000e-07,0
-1.402000e-07,-0.008
-1.400000e-07,-0.004
-1.398000e-07,-0.004
-1.396000e-07,0
-1.394000e-07,-0.008
-1.392000e-07,-0.004
-1.390000e-07,-0.004
-1.388000e-07,-0.004
-1.386000e-07,-0.008
-1.384000e-07,-0.008
-1.382000e-07,-0.008
-1.380000e-07,-0.008
-1.378000e-07,-0.012
-1.376000e-07,-0.004
-1.374000e-07,-0.008
-1.372000e-07,-0.004
-1.370000e-07,-0.008
-1.368000e-07,-0.004
-1.366000e-07,-0.008
-1.364000e-07,-0.004
-1.362000e-07,-0.004
-1.360000e-07,-0.004
-1.358000e-07,0
-1.356000e-07,-0.008
-1.354000e-07,-0.008
-1.352000e-07,-0.004
-1.350000e-07,-0.008
-1.348000e-07,-0.004
-1.346000e-07,-0.008
-1.344000e-07,-0.008
-1.342000e-07,-0.008
-1.340000e-07,-0.004
-1.338000e-07,-0.004
-1.336000e-07,-0.004
-1.334000e-07,-0.008
-1.332000e-07,-0.004
-1.330000e-07,-0.004
-1.328000e-07,-0.008
-1.326000e-07,-0.008
-1.324000e-07,-0.008
-1.322000e-07,-0.008
-1.320000e-07,-0.004
-1.318000e-07,-0.004
-1.316000e-07,-0.004
-1.314000e-07,-0.008
-1.312000e-07,-0.012
-1.310000e-07,-0.012
-1.308000e-07,-0.008
-1.306000e-07,-0.008
-1.304000e-07,-0.008
-1.302000e-07,-0.004
-1.300000e-07,-0.004
-1.298000e-07,-0.004
-1.296000e-07,-0.012
-1.294000e-07,-0.008
-1.292000e-07,-0.008
-1.290000e-07,-0.004
-1.288000e-07,-0.004
-1.286000e-07,-0.008
-1.284000e-07,-0.008
-1.282000e-07,-0.008
-1.280000e-07,0
-1.278000e-07,-0.004
-1.276000e-07,-0.004
-1.274000e-07,-0.004
-1.272000e-07,-0.004
-1.270000e-07,-0.008
-1.268000e-07,-0.008
-1.266000e-07,-0.004
-1.264000e-07,-0.004
-1.262000e-07,-0.008
-1.260000e-07,-0.004
-1.258000e-07,-0.008
-1.256000e-07,-0.012
-1.254000e-07,-0.012
-1.252000e-07,-0.012
-1.250000e-07,-0.012
-1.248000e-07,-0.008
-1.246000e-07,-0.008
-1.244000e-07,-0.004
-1.242000e-07,-0.008
-1.240000e-07,0
-1.238000e-07,-0.008
-1.236000e-07,-0.008
-1.234000e-07,-0.012
-1.232000e-07,-0.008
-1.230000e-07,-0.008
-1.228000e-07,-0.008
-1.226000e-07,-0.004
-1.224000e-07,-0.004
-1.222000e-07,-0.008
-1.220000e-07,-0.008
-1.218000e-07,-0.008
-1.216000e-07,0
-1.214000e-07,0
-1.212000e-07,-0.004
-1.210000e-07,-0.008
-1.208000e-07,-0.004
-1.206000e-07,-0.008
-1.204000e-07,-0.012
-1.202000e-07,-0.008
-1.200000e-07,-0.008
-1.198000e-07,-0.008
-1.196000e-07,-0.008
-1.194000e-07,-0.008
-1.192000e-07,-0.004
-1.190000e-07,-0.008
-1.188000e-07,-0.008
-1.186000e-07,-0.008
-1.184000e-07,-0.004
-1.182000e-07,-0.004
-1.180000e-07,-0.004
-1.178000e-07,-0.012
-1.176000e-07,-0.016
-1.174000e-07,-0.012
-1.172000e-07,-0.008
-1.170000e-07,-0.008
-1.168000e-07,-0.008
-1.166000e-07,-0.012
-1.164000e-07,-0.012
-1.162000e-07,-0.004
-1.160000e-07,-0.004
-1.158000e-07,-0.008
-1.156000e-07,-0.004
-1.154000e-07,-0.008
-1.152000e-07,-0.008
-1.150000e-07,-0.008
-1.148000e-07,0
-1.146000e-07,-0.008
-1.144000e-07,-0.004
-1.142000e-07,-0.008
-1.140000e-07,-0.008
-1.138000e-07,-0.004
-1.136000e-07,-0.008
-1.134000e-07,-0.012
-1.132000e-07,-0.008
-1.130000e-07,-0.004
-1.128000e-07,0
-1.126000e-07,-0.008
-1.124000e-07,-0.008
-1.122000e-07,-0.016
-1.120000e-07,-0.008
-1.118000e-07,-0.008
-1.116000e-07,-0.004
-1.114000e-07,-0.008
-1.112000e-07,-0.008
-1.110000e-07,-0.012
-1.108000e-07,-0.008
-1.106000e-07,-0.012
-1.104000e-07,-0.008
-1.102000e-07,-0.004
-1.100000e-07,-0.004
-1.098000e-07,-0.008
-1.096000e-07,-0.012
-1.094000e-07,-0.008
-1.092000e-07,-0.004
-1.090000e-07,-0.008
-1.088000e-07,-0.012
-1.086000e-07,-0.008
-1.084000e-07,-0.008
-1.082000e-07,-0.008
-1.080000e-07,-0.008
-1.078000e-07,-0.008
-1.076000e-07,-0.008
-1.074000e-07,-0.008
-1.072000e-07,-0.008
-1.070000e-07,-0.004
-1.068000e-07,-0.004
-1.066000e-07,-0.004
-1.064000e-07,-0.008
-1.062000e-07,-0.016
-1.060000e-07,-0.004
-1.058000e-07,-0.008
-1.056000e-07,-0.004
-1.054000e-07,-0.008
-1.052000e-07,-0.008
-1.050000e-07,-0.012
-1.048000e-07,-0.004
-1.046000e-07,-0.004
-1.044000e-07,-0.008
-1.042000e-07,-0.008
-1.040000e-07,-0.012
-1.038000e-07,-0.012
-1.036000e-07,-0.008
-1.034000e-07,-0.008
-1.032000e-07,-0.004
-1.030000e-07,0
-1.028000e-07,0
-1.026000e-07,-0.008
-1.024000e-07,-0.008
-1.022000e-07,-0.008
-1.020000e-07,-0.008
-1.018000e-07,-0.012
-1.016000e-07,-0.012
-1.014000e-07,-0.012
-1.012000e-07,-0.008
-1.010000e-07,-0.004
-1.008000e-07,-0.004
-1.006000e-07,-0.008
-1.004000e-07,-0.004
-1.002000e-07,-0.008
-1.000000e-07,-0.004
-9.980000e-08,-0.008
-9.960000e-08,-0.004
-9.940000e-08,-0.004
-9.920000e-08,-0.008
-9.900000e-08,-0.008
-9.880000e-08,0
-9.860000e-08,-0.004
-9.840000e-08,-0.004
-9.820000e-08,-0.008
-9.800000e-08,0
-9.780000e-08,-0.008
-9.760000e-08,-0.008
-9.740000e-08,-0.012
-9.720000e-08,-0.004
-9.700000e-08,-0.008
-9.680000e-08,-0.004
-9.660000e-08,-0.004
-9.640000e-08,-0.004
-9.620000e-08,-0.008
-9.600000e-08,-0.004
-9.580000e-08,-0.008
-9.560000e-08,-0.004
-9.540000e-08,-0.008
-9.520000e-08,-0.004
-9.500000e-08,-0.008
-9.480000e-08,-0.004
-9.460000e-08,-0.008
-9.440000e-08,0
-9.420000e-08,-0.004
-9.400000e-08,-0.004
-9.380000e-08,-0.008
-9.360000e-08,-0.008
-9.340000e-08,-0.008
-9.320000e-08,-0.008
-9.300000e-08,-0.004
-9.280000e-08,-0.004
-9.260000e-08,-0.008
-9.240000e-08,0
-9.220000e-08,-0.004
-9.200000e-08,-0.012
-9.180000e-08,-0.008
-9.160000e-08,-0.012
-9.140000e-08,0
-9.120000e-08,-0.008
-9.100000e-08,-0.004
-9.080000e-08,-0.016
-9.060000e-08,-0.008
-9.040000e-08,-0.004
-9.020000e-08,-0.016
-9.000000e-08,-0.008
-8.980000e-08,-0.004
-8.960000e-08,-0.004
-8.940000e-08,-0.004
-8.920000e-08,-0.008
-8.900000e-08,-0.008
-8.880000e-08,-0.004
-8.860000e-08,-0.004
-8.840000e-08,-0.008
-8.820000e-08,-0.012
-8.800000e-08,-0.012
-8.780000e-08,-0.008
-8.760000e-08,-0.004
-8.740000e-08,-0.008
-8.720000e-08,-0.004
-8.700000e-08,0
-8.680000e-08,0
-8.660000e-08,-0.008
-8.640000e-08,-0.008
-8.620000e-08,-0.004
-8.600000e-08,-0.004
-8.580000e-08,-0.008
-8.560000e-08,-0.004
-8.540000e-08,-0.008
-8.520000e-08,-0.008
-8.500000e-08,-0.008
-8.480000e-08,-0.004
-8.460000e-08,-0.008
-8.440000e-08,-0.004
-8.420000e-08,-0.008
-8.400000e-08,-0.004
-8.380000e-08,-0.004
-8.360000e-08,-0.008
-8.340000e-08,-0.008
-8.320000e-08,-0.008
-8.300000e-08,-0.004
-8.280000e-08,0
-8.260000e-08,-0.008
-8.240000e-08,-0.004
-8.220000e-08,-0.012
-8.200000e-08,-0.008
-8.180000e-08,-0.004
-8.160000e-08,-0.004
-8.140000e-08,-0.004
-8.120000e-08,-0.004
-8.100000e-08,-0.008
-8.080000e-08,-0.008
-8.060000e-08,-0.004
-8.040000e-08,-0.004
-8.020000e-08,-0.008
-8.000000e-08,-0.004
-7.980000e-08,-0.008
-7.960000e-08,-0.008
-7.940000e-08,-0.008
-7.920000e-08,-0.012
-7.900000e-08,-0.008
-7.880000e-08,-0.008
-7.860000e-08,-0.004
-7.840000e-08,-0.008
-7.820000e-08,-0.008
-7.800000e-08,-0.004
-7.780000e-08,-0.004
-7.760000e-08,-0.008
-7.740000e-08,-0.004
-7.720000e-08,-0.008
-7.700000e-08,-0.012
-7.680000e-08,-0.004
-7.660000e-08,-0.004
-7.640000e-08,-0.008
-7.620000e-08,-0.004
-7.600000e-08,-0.012
-7.580000e-08,-0.008
-7.560000e-08,-0.004
-7.540000e-08,-0.012
-7.520000e-08,-0.012
-7.500000e-08,-0.008
-7.480000e-08,-0.004
-7.460000e-08,0.004
-7.440000e-08,0
-7.420000e-08,-0.008
-7.400000e-08,-0.008
-7.380000e-08,-0.012
-7.360000e-08,-0.004
-7.340000e-08,-0.008
-7.320000e-08,-0.008
-7.300000e-08,0
-7.280000e-08,-0.008
-7.260000e-08,-0.004
-7.240000e-08,-0.008
-7.220000e-08,-0.008
-7.200000e-08,-0.012
-7.180000e-08,-0.008
-7.160000e-08,0
-7.140000e-08,-0.008
-7.120000e-08,-0.012
-7.100000e-08,-0.008
-7.080000e-08,-0.004
-7.060000e-08,-0.008
-7.040000e-08,-0.008
-7.020000e-08,-0.008
-7.000000e-08,-0.004
-6.980000e-08,0
-6.960000e-08,-0.012
-6.940000e-08,-0.012
-6.920000e-08,-0.008
-6.900000e-08,-0.008
-6.880000e-08,-0.008
-6.860000e-08,-0.012
-6.840000e-08,-0.008
-6.820000e-08,-0.008
-6.800000e-08,-0.004
-6.780000e-08,-0.008
-6.760000e-08,-0.004
-6.740000e-08,-0.012
-6.720000e-08,-0.012
-6.700000e-08,-0.008
-6.680000e-08,-0.004
-6.660000e-08,-0.004
-6.640000e-08,-0.008
-6.620000e-08,-0.004
-6.600000e-08,-0.004
-6.580000e-08,-0.008
-6.560000e-08,-0.008
-6.540000e-08,-0.008
-6.520000e-08,-0.004
-6.500000e-08,-0.008
-6.480000e-08,-0.004
-6.460000e-08,-0.004
-6.440000e-08,-0.004
-6.420000e-08,-0.004
-6.400000e-08,-0.004
-6.380000e-08,-0.008
-6.360000e-08,-0.008
-6.340000e-08,-0.004
-6.320000e-08,-0.004
-6.300000e-08,0
-6.280000e-08,-0.008
-6.260000e-08,-0.008
-6.240000e-08,-0.016
-6.220000e-08,-0.012
-6.200000e-08,-0.008
-6.180000e-08,-0.004
-6.160000e-08,-0.008
-6.140000e-08,-0.008
-6.120000e-08,0
-6.100000e-08,0
-6.080000e-08,0
-6.060000e-08,-0.008
-6.040000e-08,-0.008
-6.020000e-08,-0.008
-6.000000e-08,-0.004
-5.980000e-08,-0.004
-5.960000e-08,-0.012
-5.940000e-08,-0.004
-5.920000e-08,-0.004
-5.900000e-08,-0.012
-5.880000e-08,-0.008
-5.860000e-08,-0.008
-5.840000e-08,-0.004
-5.820000e-08,0.004
-5.800000e-08,0
-5.780000e-08,-0.008
-5.760000e-08,-0.008
-5.740000e-08,-0.008
-5.720000e-08,-0.004
-5.700000e-08,-0.008
-5.680000e-08,-0.012
-5.660000e-08,-0.012
-5.640000e-08,-0.008
-5.620000e-08,-0.008
-5.600000e-08,-0.004
-5.580000e-08,-0.012
-5.560000e-08,-0.008
-5.540000e-08,-0.008
-5.520000e-08,-0.004
-5.500000e-08,-0.008
-5.480000e-08,-0.008
-5.460000e-08,-0.012
-5.440000e-08,-0.004
-5.420000e-08,-0.004
-5.400000e-08,-0.004
-5.380000e-08,-0.012
-5.360000e-08,-0.008
-5.340000e-08,-0.008
-5.320000e-08,-0.008
-5.300000e-08,-0.008
-5.280000e-08,-0.008
-5.260000e-08,-0.008
-5.240000e-08,-0.004
-5.220000e-08,-0.008
-5.200000e-08,-0.008
-5.180000e-08,-0.004
-5.160000e-08,-0.008
-5.140000e-08,-0.008
-5.120000e-08,-0.008
-5.100000e-08,-0.008
-5.080000e-08,-0.008
-5.060000e-08,-0.016
-5.040000e-08,-0.008
-5.020000e-08,-0.008
-5.000000e-08,-0.004
-4.980000e-08,-0.008
-4.960000e-08,-0.016
-4.940000e-08,-0.012
-4.920000e-08,-0.012
-4.900000e-08,-0.008
-4.880000e-08,0
-4.860000e-08,-0.008
-4.840000e-08,-0.004
-4.820000e-08,-0.004
-4.800000e-08,-0.004
-4.780000e-08,0
-4.760000e-08,-0.004
-4.740000e-08,-0.004
-4.720000e-08,0
-4.700000e-08,-0.004
-4.680000e-08,-0.004
-4.660000e-08,-0.012
-4.640000e-08,-0.004
-4.620000e-08,-0.008
-4.600000e-08,-0.004
-4.580000e-08,-0.008
-4.560000e-08,-0.008
-4.540000e-08,-0.012
-4.520000e-08,-0.008
-4.500000e-08,-0.008
-4.480000e-08,-0.004
-4.460000e-08,-0.008
-4.440000e-08,-0.008
-4.420000e-08,-0.008
-4.400000e-08,-0.008
-4.380000e-08,-0.008
-4.360000e-08,-0.012
-4.340000e-08,-0.008
-4.320000e-08,-0.008
-4.300000e-08,-0.008
-4.280000e-08,-0.008
-4.260000e-08,-0.012
-4.240000e-08,-0.008
-4.220000e-08,-0.004
-4.200000e-08,0
-4.180000e-08,-0.008
-4.160000e-08,-0.008
-4.140000e-08,-0.012
-4.120000e-08,-0.004
-4.100000e-08,0
-4.080000e-08,-0.004
-4.060000e-08,-0.008
-4.040000e-08,-0.004
-4.020000e-08,-0.004
-4.000000e-08,-0.004
-3.980000e-08,-0.012
-3.960000e-08,-0.004
-3.940000e-08,-0.004
-3.920000e-08,-0.004
-3.900000e-08,-0.012
-3.880000e-08,-0.004
-3.860000e-08,0
-3.840000e-08,-0.008
-3.820000e-08,-0.012
-3.800000e-08,-0.008
-3.780000e-08,-0.004
-3.760000e-08,-0.008
-3.740000e-08,-0.008
-3.720000e-08,-0.008
-3.700000e-08,-0.012
-3.680000e-08,-0.004
-3.660000e-08,-0.004
-3.640000e-08,-0.008
-3.620000e-08,-0.012
-3.600000e-08,-0.008
-3.580000e-08,-0.008
-3.560000e-08,-0.008
-3.540000e-08,0
-3.520000e-08,-0.004
-3.500000e-08,-0.008
-3.480000e-08,-0.008
-3.460000e-08,-0.008
-3.440000e-08,0
-3.420000e-08,-0.004
-3.400000e-08,-0.004
-3.380000e-08,-0.008
-3.360000e-08,-0.004
-3.340000e-08,-0.008
-3.320000e-08,-0.004
-3.300000e-08,0
-3.280000e-08,0
-3.260000e-08,-0.004
-3.240000e-08,-0.008
-3.220000e-08,-0.008
-3.200000e-08,-0.004
-3.180000e-08,-0.004
-3.160000e-08,-0.012
-3.140000e-08,-0.008
-3.120000e-08,-0.004
-3.100000e-08,-0.008
-3.080000e-08,-0.02
-3.060000e-08,-0.012
-3.040000e-08,-0.008
-3.020000e-08,-0.008
-3.000000e-08,-0.012
-2.980000e-08,-0.012
-2.960000e-08,-0.004
-2.940000e-08,-0.008
-2.920000e-08,-0.004
-2.900000e-08,-0.004
-2.880000e-08,-0.004
-2.860000e-08,-0.012
-2.840000e-08,-0.012
-2.820000e-08,-0.008
-2.800000e-08,0
-2.780000e-08,0
-2.760000e-08,-0.008
-2.740000e-08,-0.012
-2.720000e-08,-0.008
-2.700000e-08,-0.008
-2.680000e-08,-0.004
-2.660000e-08,-0.008
-2.640000e-08,-0.012
-2.620000e-08,-0.008
-2.600000e-08,-0.012
-2.580000e-08,-0.012
-2.560000e-08,-0.008
-2.540000e-08,-0.004
-2.520000e-08,-0.012
-2.500000e-08,-0.008
-2.480000e-08,-0.012
-2.460000e-08,-0.004
-2.440000e-08,-0.004
-2.420000e-08,-0.004
-2.400000e-08,-0.008
-2.380000e-08,-0.008
-2.360000e-08,0
-2.340000e-08,-0.008
-2.320000e-08,-0.004
-2.300000e-08,-0.008
-2.280000e-08,-0.008
-2.260000e-08,-0.008
-2.240000e-08,-0.004
-2.220000e-08,-0.012
-2.200000e-08,-0.012
-2.180000e-08,-0.008
-2.160000e-08,-0.008
-2.140000e-08,-0.016
-2.120000e-08,-0.004
-2.100000e-08,0
-2.080000e-08,-0.008
-2.060000e-08,-0.008
-2.040000e-08,-0.012
-2.020000e-08,-0.008
-2.000000e-08,-0.008
-1.980000e-08,0
-1.960000e-08,-0.004
-1.940000e-08,-0.008
-1.920000e-08,0
-1.900000e-08,-0.004
-1.880000e-08,-0.008
-1.860000e-08,-0.004
-1.840000e-08,-0.008
-1.820000e-08,-0.008
-1.800000e-08,-0.004
-1.780000e-08,-0.008
-1.760000e-08,-0.012
-1.740000e-08,-0.016
-1.720000e-08,-0.008
-1.700000e-08,-0.008
-1.680000e-08,-0.008
-1.660000e-08,-0.008
-1.640000e-08,-0.004
-1.620000e-08,-0.004
-1.600000e-08,-0.008
-1.580000e-08,-0.008
-1.560000e-08,-0.012
-1.540000e-08,-0.008
-1.520000e-08,-0.004
-1.500000e-08,-0.008
-1.480000e-08,-0.004
-1.460000e-08,-0.008
-1.440000e-08,-0.004
-1.420000e-08,-0.012
-1.400000e-08,-0.004
-1.380000e-08,-0.004
-1.360000e-08,-0.004
-1.340000e-08,-0.008
-1.320000e-08,-0.004
-1.300000e-08,-0.008
-1.280000e-08,-0.008
-1.260000e-08,-0.012
-1.240000e-08,-0.008
-1.220000e-08,-0.008
-1.200000e-08,-0.008
-1.180000e-08,-0.008
-1.160000e-08,-0.004
-1.140000e-08,-0.004
-1.120000e-08,-0.004
-1.100000e-08,-0.008
-1.080000e-08,-0.012
-1.060000e-08,-0.012
-1.040000e-08,-0.008
-1.020000e-08,-0.012
-1.000000e-08,-0.012
-9.800000e-09,-0.02
-9.600000e-09,-0.016
-9.400000e-09,-0.012
-9.200000e-09,-0.012
-9.000000e-09,-0.012
-8.800000e-09,-0.008
-8.600000e-09,0.008
-8.400000e-09,0.012
-8.200000e-09,0.02
-8.000000e-09,0.02
-7.800000e-09,0.02
-7.600000e-09,0.016
-7.400000e-09,0.016
-7.200000e-09,0.012
-7.000000e-09,0.004
-6.800000e-09,0.004
-6.600000e-09,0.008
-6.400000e-09,0.008
-6.200000e-09,0.004
-6.000000e-09,-0.004
-5.800000e-09,-0.004
-5.600000e-09,-0.008
-5.400000e-09,-0.008
-5.200000e-09,-0.016
-5.000000e-09,-0.016
-4.800000e-09,-0.012
-4.600000e-09,-0.024
-4.400000e-09,-0.028
-4.200000e-09,-0.028
-4.000000e-09,-0.028
-3.800000e-09,-0.036
-3.600000e-09,-0.032
-3.400000e-09,-0.044
-3.200000e-09,-0.048
-3.000000e-09,-0.048
-2.800000e-09,-0.056
-2.600000e-09,-0.068
-2.400000e-09,-0.08
-2.200000e-09,-0.084
-2.000000e-09,-0.092
-1.800000e-09,-0.092
-1.600000e-09,-0.084
-1.400000e-09,-0.06
-1.200000e-09,-0.036
-1.000000e-09,-0.016
-8.000000e-10,0.016
-6.000000e-10,0.044
-4.000000e-10,0.08
-2.000000e-10,0.104
0.000000e+00,0.124
2.000000e-10,0.14
4.000000e-10,0.156
6.000000e-10,0.156
8.000000e-10,0.152
1.000000e-09,0.136
1.200000e-09,0.128
1.400000e-09,0.12
1.600000e-09,0.108
1.800000e-09,0.092
2.000000e-09,0.072
2.200000e-09,0.06
2.400000e-09,0.044
2.600000e-09,0.032
2.800000e-09,0.024
3.000000e-09,0.008
3.200000e-09,-0.004
3.400000e-09,-0.016
3.600000e-09,-0.04
3.800000e-09,-0.064
4.000000e-09,-0.088
4.200000e-09,-0.104
4.400000e-09,-0.124
4.600000e-09,-0.136
4.800000e-09,-0.144
5.000000e-09,-0.144
5.200000e-09,-0.144
5.400000e-09,-0.148
5.600000e-09,-0.14
5.800000e-09,-0.14
6.000000e-09,-0.14
6.200000e-09,-0.132
6.400000e-09,-0.124
6.600000e-09,-0.116
6.800000e-09,-0.108
7.000000e-09,-0.1
7.200000e-09,-0.092
7.400000e-09,-0.076
7.600000e-09,-0.052
7.800000e-09,-0.036
8.000000e-09,-0.016
8.200000e-09,0.004
8.400000e-09,0.02
8.600000e-09,0.04
8.800000e-09,0.044
9.000000e-09,0.056
9.200000e-09,0.064
9.400000e-09,0.072
9.600000e-09,0.076
9.800000e-09,0.084
1.000000e-08,0.092
1.020000e-08,0.096
1.040000e-08,0.1
1.060000e-08,0.104
1.080000e-08,0.108
1.100000e-08,0.108
1.120000e-08,0.1
1.140000e-08,0.088
1.160000e-08,0.08
1.180000e-08,0.072
1.200000e-08,0.048
1.220000e-08,0.032
1.240000e-08,0.016
1.260000e-08,0.004
1.280000e-08,-0.02
1.300000e-08,-0.032
1.320000e-08,-0.048
1.340000e-08,-0.068
1.360000e-08,-0.08
1.380000e-08,-0.096
1.400000e-08,-0.096
1.420000e-08,-0.1
1.440000e-08,-0.1
1.460000e-08,-0.108
1.480000e-08,-0.1
1.500000e-08,-0.092
1.520000e-08,-0.088
1.540000e-08,-0.068
1.560000e-08,-0.056
1.580000e-08,-0.048
1.600000e-08,-0.044
1.620000e-08,-0.048
1.640000e-08,-0.056
1.660000e-08,-0.052
1.680000e-08,-0.056
1.700000e-08,-0.06
1.720000e-08,-0.072
1.740000e-08,-0.084
1.760000e-08,-0.08
1.780000e-08,-0.088
1.800000e-08,-0.096
1.820000e-08,-0.096
1.840000e-08,-0.088
1.860000e-08,-0.084
1.880000e-08,-0.064
1.900000e-08,-0.04
1.920000e-08,-0.012
1.940000e-08,0.008
1.960000e-08,0.044
1.980000e-08,0.076
2.000000e-08,0.108
2.020000e-08,0.136
2.040000e-08,0.164
2.060000e-08,0.18
2.080000e-08,0.2
2.100000e-08,0.196
2.120000e-08,0.196
2.140000e-08,0.192
2.160000e-08,0.176
2.180000e-08,0.152
2.200000e-08,0.124
2.220000e-08,0.1
2.240000e-08,0.064
2.260000e-08,0.04
2.280000e-08,0.008
2.300000e-08,-0.024
2.320000e-08,-0.048
2.340000e-08,-0.072
2.360000e-08,-0.092
2.380000e-08,-0.116
2.400000e-08,-0.128
2.420000e-08,-0.132
2.440000e-08,-0.136
2.460000e-08,-0.144
2.480000e-08,-0.144
2.500000e-08,-0.14
2.520000e-08,-0.132
2.540000e-08,-0.124
2.560000e-08,-0.112
2.580000e-08,-0.104
2.600000e-08,-0.076
2.620000e-08,-0.06
2.640000e-08,-0.044
2.660000e-08,-0.028
2.680000e-08,-0.008
2.700000e-08,0
2.720000e-08,0.012
2.740000e-08,0.016
2.760000e-08,0.036
2.780000e-08,0.036
2.800000e-08,0.036
2.820000e-08,0.04
2.840000e-08,0.04
2.860000e-08,0.036
2.880000e-08,0.04
2.900000e-08,0.036
2.920000e-08,0.036
2.940000e-08,0.032
2.960000e-08,0.04
2.980000e-08,0.036
3.000000e-08,0.036
3.020000e-08,0.04
3.040000e-08,0.048
3.060000e-08,0.044
3.080000e-08,0.052
3.100000e-08,0.052
3.120000e-08,0.048
3.140000e-08,0.04
3.160000e-08,0.04
3.180000e-08,0.028
3.200000e-08,0.016
3.220000e-08,0
3.240000e-08,-0.024
3.260000e-08,-0.036
3.280000e-08,-0.056
3.300000e-08,-0.072
3.320000e-08,-0.088
3.340000e-08,-0.104
3.360000e-08,-0.1
3.380000e-08,-0.112
3.400000e-08,-0.116
3.420000e-08,-0.108
3.440000e-08,-0.096
3.460000e-08,-0.084
3.480000e-08,-0.072
3.500000e-08,-0.052
3.520000e-08,-0.044
3.540000e-08,-0.024
3.560000e-08,-0.004
3.580000e-08,0.008
3.600000e-08,0.02
3.620000e-08,0.036
3.640000e-08,0.04
3.660000e-08,0.044
3.680000e-08,0.052
3.700000e-08,0.056
3.720000e-08,0.056
3.740000e-08,0.06
3.760000e-08,0.06
3.780000e-08,0.06
3.800000e-08,0.06
3.820000e-08,0.052
3.840000e-08,0.04
3.860000e-08,0.032
3.880000e-08,0.024
3.900000e-08,0.016
3.920000e-08,0.012
3.940000e-08,0.004
3.960000e-08,-0.004
3.980000e-08,-0.016
4.000000e-08,-0.02
4.020000e-08,-0.02
4.040000e-08,-0.032
4.060000e-08,-0.032
4.080000e-08,-0.036
4.100000e-08,-0.048
4.120000e-08,-0.044
4.140000e-08,-0.052
4.160000e-08,-0.052
4.180000e-08,-0.06
4.200000e-08,-0.052
4.220000e-08,-0.056
4.240000e-08,-0.052
4.260000e-08,-0.048
4.280000e-08,-0.044
4.300000e-08,-0.04
4.320000e-08,-0.032
4.340000e-08,-0.032
4.360000e-08,-0.024
4.380000e-08,-0.012
4.400000e-08,-0.012
4.420000e-08,-0.008
4.440000e-08,0.008
4.460000e-08,0.012
4.480000e-08,0.016
4.500000e-08,0.016
4.520000e-08,0.016
4.540000e-08,0.016
4.560000e-08,0.02
4.580000e-08,0.016
4.600000e-08,0.016
4.620000e-08,0.016
4.640000e-08,0.012
4.660000e-08,0.012
4.680000e-08,0.012
4.700000e-08,0.012
4.720000e-08,0.008
4.740000e-08,0.004
4.760000e-08,0
4.780000e-08,-0.012
4.800000e-08,-0.008
4.820000e-08,-0.016
4.840000e-08,-0.024
4.860000e-08,-0.032
4.880000e-08,-0.032
4.900000e-08,-0.04
4.920000e-08,-0.04
4.940000e-08,-0.044
4.960000e-08,-0.052
4.980000e-08,-0.064
5.000000e-08,-0.068
5.020000e-08,-0.064
5.040000e-08,-0.056
5.060000e-08,-0.052
5.080000e-08,-0.056
5.100000e-08,-0.044
5.120000e-08,-0.04
5.140000e-08,-0.032
5.160000e-08,-0.012
5.180000e-08,0
5.200000e-08,0
5.220000e-08,0.012
5.240000e-08,0.028
5.260000e-08,0.044
5.280000e-08,0.064
5.300000e-08,0.064
5.320000e-08,0.076
5.340000e-08,0.084
5.360000e-08,0.088
5.380000e-08,0.092
5.400000e-08,0.092
5.420000e-08,0.092
5.440000e-08,0.084
5.460000e-08,0.08
5.480000e-08,0.076
5.500000e-08,0.06
5.520000e-08,0.052
5.540000e-08,0.036
5.560000e-08,0.028
5.580000e-08,0.012
5.600000e-08,0.004
5.620000e-08,-0.008
5.640000e-08,-0.016
5.660000e-08,-0.02
5.680000e-08,-0.028
5.700000e-08,-0.032
5.720000e-08,-0.04
5.740000e-08,-0.048
5.760000e-08,-0.044
5.780000e-08,-0.048
5.800000e-08,-0.06
5.820000e-08,-0.064
5.840000e-08,-0.068
5.860000e-08,-0.068
5.880000e-08,-0.072
5.900000e-08,-0.072
5.920000e-08,-0.076
5.940000e-08,-0.076
5.960000e-08,-0.076
5.980000e-08,-0.08
6.000000e-08,-0.076
6.020000e-08,-0.076
6.040000e-08,-0.072
6.060000e-08,-0.068
6.080000e-08,-0.056
6.100000e-08,-0.044
6.120000e-08,-0.044
6.140000e-08,-0.032
6.160000e-08,-0.016
6.180000e-08,-0.004
6.200000e-08,0.008
6.220000e-08,0.016
6.240000e-08,0.024
6.260000e-08,0.036
6.280000e-08,0.048
6.300000e-08,0.056
6.320000e-08,0.068
6.340000e-08,0.072
6.360000e-08,0.068
6.380000e-08,0.076
6.400000e-08,0.084
6.420000e-08,0.084
6.440000e-08,0.08
6.460000e-08,0.072
6.480000e-08,0.072
6.500000e-08,0.068
6.520000e-08,0.064
6.540000e-08,0.048
6.560000e-08,0.044
6.580000e-08,0.032
6.600000e-08,0.024
6.620000e-08,0.016
6.640000e-08,0.008
6.660000e-08,0
6.680000e-08,-0.004
6.700000e-08,-0.028
6.720000e-08,-0.04
6.740000e-08,-0.044
6.760000e-08,-0.052
6.780000e-08,-0.064
6.800000e-08,-0.076
6.820000e-08,-0.088
6.840000e-08,-0.092
6.860000e-08,-0.108
6.880000e-08,-0.116
6.900000e-08,-0.12
6.920000e-08,-0.12
6.940000e-08,-0.116
6.960000e-08,-0.116
6.980000e-08,-0.116
7.000000e-08,-0.112
7.020000e-08,-0.108
7.040000e-08,-0.096
7.060000e-08,-0.084
7.080000e-08,-0.072
7.100000e-08,-0.06
7.120000e-08,-0.04
7.140000e-08,-0.02
7.160000e-08,-0.004
7.180000e-08,0.012
7.200000e-08,0.024
7.220000e-08,0.04
7.240000e-08,0.06
7.260000e-08,0.072
7.280000e-08,0.092
7.300000e-08,0.096
7.320000e-08,0.104
7.340000e-08,0.112
7.360000e-08,0.112
7.380000e-08,0.108
7.400000e-08,0.112
7.420000e-08,0.104
7.440000e-08,0.1
7.460000e-08,0.088
7.480000e-08,0.076
7.500000e-08,0.068
7.520000e-08,0.052
7.540000e-08,0.044
7.560000e-08,0.032
7.580000e-08,0.016
7.600000e-08,0
7.620000e-08,-0.024
7.640000e-08,-0.032
7.660000e-08,-0.048
7.680000e-08,-0.064
7.700000e-08,-0.08
7.720000e-08,-0.092
7.740000e-08,-0.1
7.760000e-08,-0.116
7.780000e-08,-0.124
7.800000e-08,-0.132
7.820000e-08,-0.132
7.840000e-08,-0.128
7.860000e-08,-0.128
7.880000e-08,-0.128
7.900000e-08,-0.12
7.920000e-08,-0.112
7.940000e-08,-0.108
7.960000e-08,-0.088
7.980000e-08,-0.068
8.000000e-08,-0.056
8.020000e-08,-0.044
8.040000e-08,-0.024
8.060000e-08,-0.012
8.080000e-08,0.008
8.100000e-08,0.028
8.120000e-08,0.04
8.140000e-08,0.048
8.160000e-08,0.06
8.180000e-08,0.072
8.200000e-08,0.084
8.220000e-08,0.096
8.240000e-08,0.104
8.260000e-08,0.1
8.280000e-08,0.1
8.300000e-08,0.104
8.320000e-08,0.104
8.340000e-08,0.092
8.360000e-08,0.088
8.380000e-08,0.084
8.400000e-08,0.076
8.420000e-08,0.068
8.440000e-08,0.056
8.460000e-08,0.04
8.480000e-08,0.024
8.500000e-08,0.012
8.520000e-08,0
8.540000e-08,-0.012
8.560000e-08,-0.028
8.580000e-08,-0.044
8.600000e-08,-0.056
8.620000e-08,-0.064
8.640000e-08,-0.072
8.660000e-08,-0.08
8.680000e-08,-0.088
8.700000e-08,-0.096
8.720000e-08,-0.096
8.740000e-08,-0.104
8.760000e-08,-0.1
8.780000e-08,-0.096
8.800000e-08,-0.092
8.820000e-08,-0.092
8.840000e-08,-0.084
8.860000e-08,-0.072
8.880000e-08,-0.056
8.900000e-08,-0.052
8.920000e-08,-0.044
8.940000e-08,-0.036
8.960000e-08,-0.028
8.980000e-08,-0.016
9.000000e-08,0
9.020000e-08,0.016
9.040000e-08,0.02
9.060000e-08,0.028
9.080000e-08,0.04
9.100000e-08,0.048
9.120000e-08,0.06
9.140000e-08,0.068
9.160000e-08,0.076
9.180000e-08,0.072
9.200000e-08,0.076
9.220000e-08,0.072
9.240000e-08,0.08
9.260000e-08,0.076
9.280000e-08,0.072
9.300000e-08,0.068
9.320000e-08,0.068
9.340000e-08,0.064
9.360000e-08,0.052
9.380000e-08,0.036
9.400000e-08,0.02
9.420000e-08,0.012
9.440000e-08,0
9.460000e-08,-0.012
9.480000e-08,-0.028
9.500000e-08,-0.04
9.520000e-08,-0.064
9.540000e-08,-0.068
9.560000e-08,-0.08
9.580000e-08,-0.08
9.600000e-08,-0.092
9.620000e-08,-0.104
9.640000e-08,-0.112
9.660000e-08,-0.108
9.680000e-08,-0.104
9.700000e-08,-0.1
9.720000e-08,-0.108
9.740000e-08,-0.1
9.760000e-08,-0.092
9.780000e-08,-0.08
9.800000e-08,-0.064
9.820000e-08,-0.056
9.840000e-08,-0.04
9.860000e-08,-0.036
9.880000e-08,-0.016
9.900000e-08,-0.012
9.920000e-08,0.008
9.940000e-08,0.02
9.960000e-08,0.028
9.980000e-08,0.04
1.000000e-07,0.044
1.002000e-07,0.044
1.004000e-07,0.052
1.006000e-07,0.064
1.008000e-07,0.064
1.010000e-07,0.064
1.012000e-07,0.06
1.014000e-07,0.056
1.016000e-07,0.056
1.018000e-07,0.056
1.020000e-07,0.048
1.022000e-07,0.036
1.024000e-07,0.024
1.026000e-07,0.02
1.028000e-07,0.016
1.030000e-07,0.012
1.032000e-07,0.004
1.034000e-07,-0.008
1.036000e-07,-0.02
1.038000e-07,-0.024
1.040000e-07,-0.032
1.042000e-07,-0.04
1.044000e-07,-0.044
1.046000e-07,-0.044
1.048000e-07,-0.048
1.050000e-07,-0.056
1.052000e-07,-0.06
1.054000e-07,-0.06
1.056000e-07,-0.052
1.058000e-07,-0.052
1.060000e-07,-0.056
1.062000e-07,-0.06
1.064000e-07,-0.056
1.066000e-07,-0.052
1.068000e-07,-0.044
1.070000e-07,-0.044
1.072000e-07,-0.04
1.074000e-07,-0.036
1.076000e-07,-0.028
1.078000e-07,-0.024
1.080000e-07,-0.02
1.082000e-07,-0.004
1.084000e-07,0.004
1.086000e-07,0
1.088000e-07,0.012
1.090000e-07,0.016
1.092000e-07,0.016
1.094000e-07,0.02
1.096000e-07,0.028
1.098000e-07,0.028
1.100000e-07,0.032
1.102000e-07,0.032
1.104000e-07,0.036
1.106000e-07,0.036
1.108000e-07,0.036
1.110000e-07,0.032
1.112000e-07,0.036
1.114000e-07,0.028
1.116000e-07,0.024
1.118000e-07,0.024
1.120000e-07,0.024
1.122000e-07,0.016
1.124000e-07,0.012
1.126000e-07,0.008
1.128000e-07,0.008
1.130000e-07,0
1.132000e-07,-0.004
1.134000e-07,-0.008
1.136000e-07,-0.02
1.138000e-07,-0.02
1.140000e-07,-0.012
1.142000e-07,-0.024
1.144000e-07,-0.028
1.146000e-07,-0.028
1.148000e-07,-0.028
1.150000e-07,-0.036
1.152000e-07,-0.032
1.154000e-07,-0.028
1.156000e-07,-0.028
1.158000e-07,-0.032
1.160000e-07,-0.028
1.162000e-07,-0.024
1.164000e-07,-0.02
1.166000e-07,-0.012
1.168000e-07,-0.016
1.170000e-07,-0.02
1.172000e-07,-0.008
1.174000e-07,0
1.176000e-07,-0.004
1.178000e-07,0.004
1.180000e-07,0.004
1.182000e-07,0.012
1.184000e-07,0.012
1.186000e-07,0.012
1.188000e-07,0.012
1.190000e-07,0.02
1.192000e-07,0.016
1.194000e-07,0.016
1.196000e-07,0.016
1.198000e-07,0.016
1.200000e-07,0.008
1.202000e-07,0.008
1.204000e-07,0.004
1.206000e-07,0.004
1.208000e-07,-0.004
1.210000e-07,-0.004
1.212000e-07,-0.012
1.214000e-07,-0.016
1.216000e-07,-0.012
1.218000e-07,-0.012
1.220000e-07,-0.016
1.222000e-07,-0.024
1.224000e-07,-0.02
1.226000e-07,-0.024
1.228000e-07,-0.028
1.230000e-07,-0.024
1.232000e-07,-0.024
1.234000e-07,-0.028
1.236000e-07,-0.024
1.238000e-07,-0.016
1.240000e-07,-0.012
1.242000e-07,-0.012
1.244000e-07,-0.016
1.246000e-07,-0.016
1.248000e-07,-0.008
1.250000e-07,-0.008
1.252000e-07,0
1.254000e-07,0
1.256000e-07,0
1.258000e-07,-0.004
1.260000e-07,0.004
1.262000e-07,0.004
1.264000e-07,0.004
1.266000e-07,0.008
1.268000e-07,0.004
1.270000e-07,0.008
1.272000e-07,0.008
1.274000e-07,0.012
1.276000e-07,0.008
1.278000e-07,0
1.280000e-07,0
1.282000e-07,-0.004
1.284000e-07,-0.004
1.286000e-07,-0.008
1.288000e-07,-0.008
1.290000e-07,-0.008
1.292000e-07,-0.012
1.294000e-07,-0.012
1.296000e-07,-0.016
1.298000e-07,-0.02
1.300000e-07,-0.02
1.302000e-07,-0.024
1.304000e-07,-0.028
1.306000e-07,-0.032
1.308000e-07,-0.028
1.310000e-07,-0.024
1.312000e-07,-0.024
1.314000e-07,-0.024
1.316000e-07,-0.024
1.318000e-07,-0.032
1.320000e-07,-0.032
1.322000e-07,-0.028
1.324000e-07,-0.024
1.326000e-07,-0.024
1.328000e-07,-0.016
1.330000e-07,-0.016
1.332000e-07,-0.024
1.334000e-07,-0.02
1.336000e-07,-0.016
1.338000e-07,-0.012
1.340000e-07,-0.02
1.342000e-07,-0.016
1.344000e-07,-0.012
1.346000e-07,-0.016
1.348000e-07,-0.008
1.350000e-07,-0.008
1.352000e-07,-0.008
1.354000e-07,0.004
1.356000e-07,0
1.358000e-07,0
1.360000e-07,0
1.362000e-07,0.008
1.364000e-07,0.012
1.366000e-07,0.012
1.368000e-07,0.016
1.370000e-07,0.012
1.372000e-07,0.016
1.374000e-07,0.016
1.376000e-07,0.016
1.378000e-07,0.016
1.380000e-07,0.016
1.382000e-07,0.016
1.384000e-07,0.02
1.386000e-07,0.016
1.388000e-07,0.016
1.390000e-07,0.008
1.392000e-07,0.008
1.394000e-07,0.004
1.396000e-07,-0.004
1.398000e-07,-0.008
1.400000e-07,-0.008
1.402000e-07,-0.02
1.404000e-07,-0.024
1.406000e-07,-0.032
1.408000e-07,-0.032
1.410000e-07,-0.036
1.412000e-07,-0.04
1.414000e-07,-0.044
1.416000e-07,-0.044
1.418000e-07,-0.056
1.420000e-07,-0.056
1.422000e-07,-0.052
1.424000e-07,-0.052
1.426000e-07,-0.056
1.428000e-07,-0.044
1.430000e-07,-0.036
1.432000e-07,-0.036
1.434000e-07,-0.032
1.436000e-07,-0.028
1.438000e-07,-0.024
1.440000e-07,-0.016
1.442000e-07,-0.008
1.444000e-07,0
1.446000e-07,0.008
1.448000e-07,0.016
1.450000e-07,0.024
1.452000e-07,0.024
1.454000e-07,0.036
1.456000e-07,0.04
1.458000e-07,0.044
1.460000e-07,0.052
1.462000e-07,0.048
1.464000e-07,0.048
1.466000e-07,0.052
1.468000e-07,0.056
1.470000e-07,0.044
1.472000e-07,0.044
1.474000e-07,0.032
1.476000e-07,0.024
1.478000e-07,0.02
1.480000e-07,0.016
1.482000e-07,0.012
1.484000e-07,0.004
1.486000e-07,-0.008
1.488000e-07,-0.008
1.490000e-07,-0.02
1.492000e-07,-0.028
1.494000e-07,-0.036
1.496000e-07,-0.04
1.498000e-07,-0.044
1.500000e-07,-0.052
1.502000e-07,-0.048
1.504000e-07,-0.048
1.506000e-07,-0.048
1.508000e-07,-0.056
1.510000e-07,-0.06
1.512000e-07,-0.056
1.514000e-07,-0.056
1.516000e-07,-0.052
1.518000e-07,-0.048
1.520000e-07,-0.048
1.522000e-07,-0.04
1.524000e-07,-0.04
1.526000e-07,-0.032
1.528000e-07,-0.028
1.530000e-07,-0.02
1.532000e-07,-0.016
1.534000e-07,-0.012
1.536000e-07,-0.008
1.538000e-07,0.008
1.540000e-07,0.012
1.542000e-07,0.02
1.544000e-07,0.016
1.546000e-07,0.02
1.548000e-07,0.024
1.550000e-07,0.032
1.552000e-07,0.032
1.554000e-07,0.032
1.556000e-07,0.04
1.558000e-07,0.04
1.560000e-07,0.04
1.562000e-07,0.036
1.564000e-07,0.024
1.566000e-07,0.02
1.568000e-07,0.024
1.570000e-07,0.02
1.572000e-07,0.016
1.574000e-07,0.012
1.576000e-07,0
1.578000e-07,-0.008
1.580000e-07,-0.008
1.582000e-07,-0.012
1.584000e-07,-0.028
1.586000e-07,-0.036
1.588000e-07,-0.032
1.590000e-07,-0.04
1.592000e-07,-0.04
1.594000e-07,-0.048
1.596000e-07,-0.052
1.598000e-07,-0.056
1.600000e-07,-0.056
1.602000e-07,-0.056
1.604000e-07,-0.056
1.606000e-07,-0.052
1.608000e-07,-0.052
1.610000e-07,-0.052
1.612000e-07,-0.044
1.614000e-07,-0.044
1.616000e-07,-0.032
1.618000e-07,-0.036
1.620000e-07,-0.028
1.622000e-07,-0.028
1.624000e-07,-0.02
1.626000e-07,-0.008
1.628000e-07,0
1.630000e-07,0.008
1.632000e-07,0.008
1.634000e-07,0.012
1.636000e-07,0.02
1.638000e-07,0.028
1.640000e-07,0.036
1.642000e-07,0.028
1.644000e-07,0.032
1.646000e-07,0.036
1.648000e-07,0.036
1.650000e-07,0.032
1.652000e-07,0.032
1.654000e-07,0.028
1.656000e-07,0.024
1.658000e-07,0.02
1.660000e-07,0.02
1.662000e-07,0.016
1.664000e-07,0
1.666000e-07,0
1.668000e-07,-0.008
1.670000e-07,-0.012
1.672000e-07,-0.016
1.674000e-07,-0.028
1.676000e-07,-0.028
1.678000e-07,-0.04
1.680000e-07,-0.044
1.682000e-07,-0.044
1.684000e-07,-0.044
1.686000e-07,-0.044
1.688000e-07,-0.048
1.690000e-07,-0.052
1.692000e-07,-0.052
1.694000e-07,-0.052
1.696000e-07,-0.052
1.698000e-07,-0.044
1.700000e-07,-0.044
1.702000e-07,-0.044
1.704000e-07,-0.04
1.706000e-07,-0.036
1.708000e-07,-0.024
1.710000e-07,-0.024
1.712000e-07,-0.016
1.714000e-07,-0.008
1.716000e-07,0
1.718000e-07,0.004
1.720000e-07,0.008
1.722000e-07,0.016
1.724000e-07,0.016
1.726000e-07,0.016
1.728000e-07,0.024
1.730000e-07,0.028
1.732000e-07,0.028
1.734000e-07,0.024
1.736000e-07,0.032
1.738000e-07,0.028
1.740000e-07,0.024
1.742000e-07,0.024
1.744000e-07,0.024
1.746000e-07,0.024
1.748000e-07,0.016
1.750000e-07,0.016
1.752000e-07,0.008
1.754000e-07,0.008
1.756000e-07,-0.004
1.758000e-07,-0.004
1.760000e-07,0
1.762000e-07,-0.008
1.764000e-07,-0.012
1.766000e-07,-0.012
1.768000e-07,-0.02
1.770000e-07,-0.024
1.772000e-07,-0.024
1.774000e-07,-0.028
1.776000e-07,-0.028
1.778000e-07,-0.032
1.780000e-07,-0.032
1.782000e-07,-0.032
1.784000e-07,-0.036
1.786000e-07,-0.04
1.788000e-07,-0.028
1.790000e-07,-0.032
1.792000e-07,-0.04
1.794000e-07,-0.032
1.796000e-07,-0.02
1.798000e-07,-0.024
1.800000e-07,-0.02
1.802000e-07,-0.024
1.804000e-07,-0.012
1.806000e-07,-0.008
1.808000e-07,0
1.810000e-07,-0.008
1.812000e-07,-0.004
1.814000e-07,0
1.816000e-07,0.004
1.818000e-07,0.008
1.820000e-07,0.008
1.822000e-07,0.012
1.824000e-07,0.012
1.826000e-07,0.008
1.828000e-07,0.02
1.830000e-07,0.016
1.832000e-07,0.016
1.834000e-07,0.016
1.836000e-07,0.012
1.838000e-07,0.012
1.840000e-07,0.012
1.842000e-07,0.008
1.844000e-07,0.008
1.846000e-07,0.004
1.848000e-07,0
1.850000e-07,-0.004
1.852000e-07,-0.004
1.854000e-07,-0.004
1.856000e-07,-0.004
1.858000e-07,-0.012
1.860000e-07,-0.012
1.862000e-07,-0.016
1.864000e-07,-0.012
1.866000e-07,-0.02
1.868000e-07,-0.024
1.870000e-07,-0.024
1.872000e-07,-0.024
1.874000e-07,-0.028
1.876000e-07,-0.028
1.878000e-07,-0.032
1.880000e-07,-0.028
1.882000e-07,-0.024
1.884000e-07,-0.024
1.886000e-07,-0.02
1.888000e-07,-0.024
1.890000e-07,-0.02
1.892000e-07,-0.02
1.894000e-07,-0.016
1.896000e-07,-0.008
1.898000e-07,-0.012
1.900000e-07,-0.008
1.902000e-07,0
1.904000e-07,0.008
1.906000e-07,0.004
1.908000e-07,0.008
1.910000e-07,0.008
1.912000e-07,0.004
1.914000e-07,0
1.916000e-07,0.004
1.918000e-07,0.004
1.920000e-07,0.008
1.922000e-07,0
1.924000e-07,0
1.926000e-07,0
1.928000e-07,0
1.930000e-07,0
1.932000e-07,0.004
1.934000e-07,-0.004
1.936000e-07,-0.004
1.938000e-07,-0.008
1.940000e-07,-0.012
1.942000e-07,-0.02
1.944000e-07,-0.02
1.946000e-07,-0.02
1.948000e-07,-0.012
1.950000e-07,-0.016
1.952000e-07,-0.024
1.954000e-07,-0.028
1.956000e-07,-0.02
1.958000e-07,-0.02
1.960000e-07,-0.008
1.962000e-07,-0.02
1.964000e-07,-0.016
1.966000e-07,-0.016
1.968000e-07,-0.012
1.970000e-07,-0.016
1.972000e-07,-0.012
1.974000e-07,-0.008
1.976000e-07,-0.008
1.978000e-07,-0.008
1.980000e-07,-0.004
1.982000e-07,-0.004
1.984000e-07,0
1.986000e-07,0
1.988000e-07,0
1.990000e-07,0
1.992000e-07,0
1.994000e-07,0
1.996000e-07,0
1.998000e-07,0
2.000000e-07,0.004
2.002000e-07,0
2.004000e-07,0
2.006000e-07,0.004
2.008000e-07,0
2.010000e-07,-0.004
2.012000e-07,-0.004
2.014000e-07,-0.008
2.016000e-07,0
2.018000e-07,0
2.020000e-07,-0.004
2.022000e-07,-0.004
2.024000e-07,0
2.026000e-07,-0.008
2.028000e-07,0
2.030000e-07,0
2.032000e-07,-0.004
2.034000e-07,-0.004
2.036000e-07,-0.008
2.038000e-07,-0.008
2.040000e-07,-0.008
2.042000e-07,-0.008
2.044000e-07,-0.008
2.046000e-07,-0.016
2.048000e-07,-0.012
2.050000e-07,-0.016
2.052000e-07,-0.012
2.054000e-07,-0.016
2.056000e-07,-0.012
2.058000e-07,-0.016
2.060000e-07,-0.012
2.062000e-07,-0.016
2.064000e-07,-0.02
2.066000e-07,-0.016
2.068000e-07,-0.008
2.070000e-07,-0.004
2.072000e-07,-0.008
2.074000e-07,-0.004
2.076000e-07,-0.004
2.078000e-07,-0.004
2.080000e-07,0
2.082000e-07,0.004
2.084000e-07,0.004
2.086000e-07,0.008
2.088000e-07,0.004
2.090000e-07,0.012
2.092000e-07,0.016
2.094000e-07,0.012
2.096000e-07,0.008
2.098000e-07,0.008
2.100000e-07,0.012
2.102000e-07,0.016
2.104000e-07,0.016
2.106000e-07,0.008
2.108000e-07,0.004
2.110000e-07,0.004
2.112000e-07,0.004
2.114000e-07,0.004
2.116000e-07,0.004
2.118000e-07,-0.004
2.120000e-07,0
2.122000e-07,-0.008
2.124000e-07,-0.008
2.126000e-07,-0.016
2.128000e-07,-0.012
2.130000e-07,-0.016
2.132000e-07,-0.02
2.134000e-07,-0.024
2.136000e-07,-0.024
2.138000e-07,-0.02
2.140000e-07,-0.024
2.142000e-07,-0.028
2.144000e-07,-0.032
2.146000e-07,-0.024
2.148000e-07,-0.024
2.150000e-07,-0.032
2.152000e-07,-0.028
2.154000e-07,-0.024
2.156000e-07,-0.02
2.158000e-07,-0.02
2.160000e-07,-0.02
2.162000e-07,-0.02
2.164000e-07,-0.016
2.166000e-07,-0.008
2.168000e-07,-0.008
2.170000e-07,-0.008
2.172000e-07,-0.004
2.174000e-07,-0.004
2.176000e-07,0.008
2.178000e-07,0.008
2.180000e-07,0.004
2.182000e-07,0.012
2.184000e-07,0.012
2.186000e-07,0.016
2.188000e-07,0.012
2.190000e-07,0.012
2.192000e-07,0.008
2.194000e-07,0.016
2.196000e-07,0.016
2.198000e-07,0.008
2.200000e-07,0.008
2.202000e-07,0.008
2.204000e-07,0.012
2.206000e-07,0.004
2.208000e-07,-0.004
2.210000e-07,-0.008
2.212000e-07,-0.008
2.214000e-07,-0.012
2.216000e-07,-0.012
2.218000e-07,-0.024
2.220000e-07,-0.02
2.222000e-07,-0.024
2.224000e-07,-0.024
2.226000e-07,-0.028
2.228000e-07,-0.028
2.230000e-07,-0.036
2.232000e-07,-0.028
2.234000e-07,-0.028
2.236000e-07,-0.028
2.238000e-07,-0.028
2.240000e-07,-0.024
2.242000e-07,-0.036
2.244000e-07,-0.02
2.246000e-07,-0.024
2.248000e-07,-0.02
2.250000e-07,-0.024
2.252000e-07,-0.02
2.254000e-07,-0.02
2.256000e-07,-0.012
2.258000e-07,-0.008
2.260000e-07,-0.008
2.262000e-07,-0.008
2.264000e-07,-0.004
2.266000e-07,0
2.268000e-07,0.008
2.270000e-07,0.008
2.272000e-07,0.008
2.274000e-07,0.008
2.276000e-07,0.012
2.278000e-07,0.008
2.280000e-07,0.004
2.282000e-07,0.012
2.284000e-07,0.012
2.286000e-07,0.016
2.288000e-07,0.016
2.290000e-07,0.008
2.292000e-07,0.012
2.294000e-07,0.012
2.296000e-07,0.012
2.298000e-07,0.008
2.300000e-07,0
2.302000e-07,-0.008
2.304000e-07,-0.008
2.306000e-07,-0.008
2.308000e-07,-0.008
2.310000e-07,-0.012
2.312000e-07,-0.016
2.314000e-07,-0.012
2.316000e-07,-0.02
2.318000e-07,-0.024
2.320000e-07,-0.024
2.322000e-07,-0.024
2.324000e-07,-0.028
2.326000e-07,-0.036
2.328000e-07,-0.028
2.330000e-07,-0.028
2.332000e-07,-0.02
2.334000e-07,-0.028
2.336000e-07,-0.028
2.338000e-07,-0.024
2.340000e-07,-0.016
2.342000e-07,-0.02
2.344000e-07,-0.02
2.346000e-07,-0.012
2.348000e-07,-0.008
2.350000e-07,0
2.352000e-07,0.008
2.354000e-07,0
2.356000e-07,0
2.358000e-07,0.008
2.360000e-07,0.016
2.362000e-07,0.012
2.364000e-07,0.012
2.366000e-07,0.008
2.368000e-07,0.012
2.370000e-07,0.016
2.372000e-07,0.02
2.374000e-07,0.02
2.376000e-07,0.016
2.378000e-07,0.016
2.380000e-07,0.016
2.382000e-07,0.012
2.384000e-07,0.012
2.386000e-07,0.008
2.388000e-07,0.008
2.390000e-07,0
2.392000e-07,-0.008
2.394000e-07,-0.008
2.396000e-07,-0.012
2.398000e-07,-0.012
2.400000e-07,-0.016
2.402000e-07,-0.02
2.404000e-07,-0.028
2.406000e-07,-0.024
2.408000e-07,-0.02
2.410000e-07,-0.02
2.412000e-07,-0.02
2.414000e-07,-0.028
2.416000e-07,-0.024
2.418000e-07,-0.028
2.420000e-07,-0.024
2.422000e-07,-0.02
2.424000e-07,-0.024
2.426000e-07,-0.016
2.428000e-07,-0.012
2.430000e-07,-0.016
2.432000e-07,-0.012
2.434000e-07,-0.008
2.436000e-07,-0.004
2.438000e-07,-0.008
2.440000e-07,0
2.442000e-07,-0.004
2.444000e-07,-0.004
2.446000e-07,0
2.448000e-07,0.004
2.450000e-07,0
2.452000e-07,0.008
2.454000e-07,0.004
2.456000e-07,0.012
2.458000e-07,0.008
2.460000e-07,0.008
2.462000e-07,0.004
2.464000e-07,0.004
2.466000e-07,0
2.468000e-07,0.004
2.470000e-07,0.008
2.472000e-07,0.008
2.474000e-07,0.004
2.476000e-07,-0.004
2.478000e-07,0
2.480000e-07,-0.004
2.482000e-07,-0.004
2.484000e-07,-0.004
2.486000e-07,-0.008
2.488000e-07,0
2.490000e-07,-0.008
2.492000e-07,-0.012
2.494000e-07,-0.016
2.496000e-07,-0.012
2.498000e-07,-0.016
2.500000e-07,-0.02
2.502000e-07,-0.02
2.504000e-07,-0.02
2.506000e-07,-0.02
2.508000e-07,-0.02
2.510000e-07,-0.02
2.512000e-07,-0.024
2.514000e-07,-0.024
2.516000e-07,-0.024
2.518000e-07,-0.02
2.520000e-07,-0.016
2.522000e-07,-0.012
2.524000e-07,-0.012
2.526000e-07,-0.02
2.528000e-07,-0.016
2.530000e-07,-0.008
2.532000e-07,-0.008
2.534000e-07,-0.004
2.536000e-07,-0.012
2.538000e-07,-0.012
2.540000e-07,-0.008
2.542000e-07,-0.004
2.544000e-07,0.004
2.546000e-07,0
2.548000e-07,0
2.550000e-07,0
2.552000e-07,0.004
2.554000e-07,0.004
2.556000e-07,0.008
2.558000e-07,0.012
2.560000e-07,0.004
2.562000e-07,0.004
2.564000e-07,0.004
2.566000e-07,0
2.568000e-07,0.004
2.570000e-07,0.004
2.572000e-07,-0.004
2.574000e-07,-0.004
2.576000e-07,-0.004
2.578000e-07,-0.008
2.580000e-07,-0.008
2.582000e-07,-0.008
2.584000e-07,-0.012
2.586000e-07,-0.012
2.588000e-07,-0.012
2.590000e-07,-0.016
2.592000e-07,-0.012
2.594000e-07,-0.016
2.596000e-07,-0.02
2.598000e-07,-0.024
2.600000e-07,-0.02
2.602000e-07,-0.02
2.604000e-07,-0.016
2.606000e-07,-0.02
2.608000e-07,-0.02
2.610000e-07,-0.016
2.612000e-07,-0.008
2.614000e-07,-0.016
2.616000e-07,-0.016
2.618000e-07,-0.012
2.620000e-07,-0.004
2.622000e-07,-0.008
2.624000e-07,-0.008
2.626000e-07,-0.004
2.628000e-07,-0.008
2.630000e-07,-0.008
2.632000e-07,0.004
2.634000e-07,0
2.636000e-07,0.004
2.638000e-07,0
2.640000e-07,0
2.642000e-07,0.008
2.644000e-07,0.004
2.646000e-07,0
2.648000e-07,0.008
2.650000e-07,0.004
2.652000e-07,0.004
2.654000e-07,0
2.656000e-07,0.004
2.658000e-07,0
2.660000e-07,0
2.662000e-07,-0.004
2.664000e-07,-0.004
2.666000e-07,-0.004
2.668000e-07,-0.004
2.670000e-07,-0.004
2.672000e-07,0
2.674000e-07,-0.008
2.676000e-07,-0.004
2.678000e-07,-0.008
2.680000e-07,-0.008
2.682000e-07,-0.012
2.684000e-07,-0.008
2.686000e-07,-0.012
2.688000e-07,-0.008
2.690000e-07,-0.016
2.692000e-07,-0.012
2.694000e-07,-0.012
2.696000e-07,-0.008
2.698000e-07,-0.012
2.700000e-07,-0.004
2.702000e-07,-0.004
2.704000e-07,-0.008
2.706000e-07,-0.012
2.708000e-07,-0.008
2.710000e-07,-0.008
2.712000e-07,-0.004
2.714000e-07,-0.008
2.716000e-07,-0.008
2.718000e-07,-0.012
2.720000e-07,-0.004
2.722000e-07,0.004
2.724000e-07,0.004
2.726000e-07,-0.004
2.728000e-07,0
2.730000e-07,0.004
2.732000e-07,0
2.734000e-07,-0.008
2.736000e-07,0.004
2.738000e-07,0
2.740000e-07,0
2.742000e-07,0.004
2.744000e-07,0
2.746000e-07,0
2.748000e-07,0.004
2.750000e-07,0.004
2.752000e-07,0.004
2.754000e-07,0
2.756000e-07,-0.004
2.758000e-07,-0.008
2.760000e-07,-0.008
2.762000e-07,-0.008
2.764000e-07,-0.004
2.766000e-07,-0.008
2.768000e-07,-0.012
2.770000e-07,-0.012
2.772000e-07,-0.004
2.774000e-07,-0.008
2.776000e-07,-0.012
2.778000e-07,-0.016
2.780000e-07,-0.016
2.782000e-07,-0.016
2.784000e-07,-0.012
2.786000e-07,-0.02
2.788000e-07,-0.012
2.790000e-07,-0.016
2.792000e-07,-0.016
2.794000e-07,-0.008
2.796000e-07,-0.012
2.798000e-07,-0.02
2.800000e-07,-0.016
2.802000e-07,-0.008
2.804000e-07,0
2.806000e-07,-0.008
2.808000e-07,-0.008
2.810000e-07,-0.008
2.812000e-07,-0.012
2.814000e-07,-0.008
2.816000e-07,-0.004
2.818000e-07,-0.004
2.820000e-07,0
2.822000e-07,0.004
2.824000e-07,0.004
2.826000e-07,0
2.828000e-07,0
2.830000e-07,0.008
2.832000e-07,0.004
2.834000e-07,0
2.836000e-07,0
2.838000e-07,0
2.840000e-07,0
2.842000e-07,-0.008
2.844000e-07,0
2.846000e-07,-0.004
2.848000e-07,-0.004
2.850000e-07,-0.008
2.852000e-07,-0.004
2.854000e-07,-0.012
2.856000e-07,-0.012
2.858000e-07,-0.02
2.860000e-07,-0.016
2.862000e-07,-0.02
2.864000e-07,-0.012
2.866000e-07,-0.012
2.868000e-07,-0.016
2.870000e-07,-0.016
2.872000e-07,-0.016
2.874000e-07,-0.02
2.876000e-07,-0.016
2.878000e-07,-0.012
2.880000e-07,-0.008
2.882000e-07,-0.016
2.884000e-07,-0.016
2.886000e-07,-0.012
2.888000e-07,-0.012
2.890000e-07,-0.012
2.892000e-07,-0.008
2.894000e-07,-0.004
2.896000e-07,-0.004
2.898000e-07,0
2.900000e-07,-0.004
2.902000e-07,0
2.904000e-07,-0.004
2.906000e-07,0
2.908000e-07,0
2.910000e-07,0.004
2.912000e-07,0.004
2.914000e-07,0.004
2.916000e-07,0.004
2.918000e-07,0.004
2.920000e-07,0.008
2.922000e-07,0.004
2.924000e-07,0.004
2.926000e-07,0
2.928000e-07,0
2.930000e-07,-0.004
2.932000e-07,0
2.934000e-07,-0.004
2.936000e-07,0
2.938000e-07,-0.008
2.940000e-07,-0.012
2.942000e-07,-0.012
2.944000e-07,-0.008
2.946000e-07,-0.008
2.948000e-07,-0.008
2.950000e-07,-0.012
2.952000e-07,-0.02
2.954000e-07,-0.012
2.956000e-07,-0.012
2.958000e-07,-0.012
2.960000e-07,-0.02
2.962000e-07,-0.02
2.964000e-07,-0.02
2.966000e-07,-0.02
2.968000e-07,-0.016
2.970000e-07,-0.02
2.972000e-07,-0.012
2.974000e-07,-0.02
2.976000e-07,-0.016
2.978000e-07,-0.02
2.980000e-07,-0.012
2.982000e-07,-0.008
2.984000e-07,-0.004
2.986000e-07,-0.008
2.988000e-07,-0.008
2.990000e-07,0
2.992000e-07,0
2.994000e-07,0.004
2.996000e-07,0.004
2.998000e-07,0
3.000000e-07,0
3.002000e-07,0.004
3.004000e-07,0
3.006000e-07,0
3.008000e-07,0.012
3.010000e-07,0.004
3.012000e-07,0.008
3.014000e-07,0
3.016000e-07,0.004
3.018000e-07,0.004
3.020000e-07,0.008
3.022000e-07,0.008
3.024000e-07,-0.004
3.026000e-07,-0.004
3.028000e-07,0
3.030000e-07,-0.012
3.032000e-07,-0.008
3.034000e-07,-0.004
3.036000e-07,-0.004
3.038000e-07,-0.012
3.040000e-07,-0.016
3.042000e-07,-0.016
3.044000e-07,-0.012
3.046000e-07,-0.012
3.048000e-07,-0.012
3.050000e-07,-0.016
3.052000e-07,-0.02
3.054000e-07,-0.024
3.056000e-07,-0.02
3.058000e-07,-0.02
3.060000e-07,-0.016
3.062000e-07,-0.012
3.064000e-07,-0.016
3.066000e-07,-0.016
3.068000e-07,-0.012
3.070000e-07,-0.008
3.072000e-07,-0.004
3.074000e-07,-0.008
3.076000e-07,-0.004
3.078000e-07,0
3.080000e-07,-0.004
3.082000e-07,-0.008
3.084000e-07,0
3.086000e-07,0.008
3.088000e-07,0.004
3.090000e-07,0
3.092000e-07,-0.004
3.094000e-07,0
3.096000e-07,0.004
3.098000e-07,0
3.100000e-07,0.004
3.102000e-07,0
3.104000e-07,0.004
3.106000e-07,0.004
3.108000e-07,0.004
3.110000e-07,0.004
3.112000e-07,0.004
3.114000e-07,-0.008
3.116000e-07,-0.008
3.118000e-07,-0.008
3.120000e-07,0
3.122000e-07,-0.004
3.124000e-07,-0.008
3.126000e-07,-0.012
3.128000e-07,-0.008
3.130000e-07,-0.008
3.132000e-07,-0.012
3.134000e-07,-0.012
3.136000e-07,-0.02
3.138000e-07,-0.012
3.140000e-07,-0.016
3.142000e-07,-0.012
3.144000e-07,-0.008
3.146000e-07,-0.016
3.148000e-07,-0.02
3.150000e-07,-0.012
3.152000e-07,-0.008
3.154000e-07,-0.016
3.156000e-07,-0.008
3.158000e-07,-0.008
3.160000e-07,-0.008
3.162000e-07,-0.008
3.164000e-07,-0.004
3.166000e-07,-0.008
3.168000e-07,-0.004
3.170000e-07,-0.004
3.172000e-07,0
3.174000e-07,0.004
3.176000e-07,0
3.178000e-07,-0.004
3.180000e-07,0
3.182000e-07,0.004
3.184000e-07,0
3.186000e-07,0
3.188000e-07,0
3.190000e-07,0
3.192000e-07,0
3.194000e-07,-0.008
3.196000e-07,0
3.198000e-07,0.004
3.200000e-07,0
3.202000e-07,-0.008
3.204000e-07,-0.004
3.206000e-07,-0.008
3.208000e-07,-0.004
3.210000e-07,-0.008
3.212000e-07,-0.008
3.214000e-07,-0.008
3.216000e-07,-0.008
3.218000e-07,-0.008
3.220000e-07,-0.008
3.222000e-07,-0.008
3.224000e-07,-0.012
3.226000e-07,-0.012
3.228000e-07,-0.004
3.230000e-07,-0.008
3.232000e-07,-0.008
3.234000e-07,-0.008
3.236000e-07,-0.008
3.238000e-07,-0.012
3.240000e-07,-0.012
3.242000e-07,-0.012
3.244000e-07,-0.012
3.246000e-07,-0.012
3.248000e-07,-0.012
3.250000e-07,-0.008
3.252000e-07,-0.004
3.254000e-07,-0.008
3.256000e-07,-0.008
3.258000e-07,-0.008
3.260000e-07,-0.004
3.262000e-07,-0.008
3.264000e-07,-0.004
3.266000e-07,-0.004
3.268000e-07,-0.004
3.270000e-07,0
3.272000e-07,-0.004
3.274000e-07,-0.008
3.276000e-07,-0.004
3.278000e-07,-0.004
3.280000e-07,0
3.282000e-07,0
3.284000e-07,0
3.286000e-07,0
3.288000e-07,-0.004
3.290000e-07,-0.004
3.292000e-07,0
3.294000e-07,-0.004
3.296000e-07,0.004
3.298000e-07,-0.004
3.300000e-07,0
3.302000e-07,-0.004
3.304000e-07,-0.004
3.306000e-07,0
3.308000e-07,0
3.310000e-07,-0.008
3.312000e-07,-0.012
3.314000e-07,-0.016
3.316000e-07,-0.012
3.318000e-07,-0.008
3.320000e-07,-0.004
3.322000e-07,-0.012
3.324000e-07,-0.008
3.326000e-07,-0.008
3.328000e-07,-0.008
3.330000e-07,-0.008
3.332000e-07,-0.004
3.334000e-07,-0.012
3.336000e-07,-0.012
3.338000e-07,-0.012
3.340000e-07,-0.008
3.342000e-07,-0.012
3.344000e-07,-0.012
3.346000e-07,-0.012
3.348000e-07,-0.008
3.350000e-07,-0.008
3.352000e-07,-0.004
3.354000e-07,0.004
3.356000e-07,-0.004
3.358000e-07,-0.008
3.360000e-07,-0.004
3.362000e-07,-0.004
3.364000e-07,-0.004
3.366000e-07,-0.004
3.368000e-07,-0.008
3.370000e-07,-0.004
3.372000e-07,0
3.374000e-07,0.004
3.376000e-07,0
3.378000e-07,-0.004
3.380000e-07,0.004
3.382000e-07,0
3.384000e-07,-0.008
3.386000e-07,-0.008
3.388000e-07,-0.008
3.390000e-07,-0.008
3.392000e-07,-0.004
3.394000e-07,-0.004
3.396000e-07,0
3.398000e-07,-0.004
3.400000e-07,-0.008
3.402000e-07,-0.008
3.404000e-07,-0.008
3.406000e-07,-0.012
3.408000e-07,-0.008
3.410000e-07,-0.008
3.412000e-07,-0.012
3.414000e-07,-0.02
3.416000e-07,-0.008
3.418000e-07,-0.016
3.420000e-07,-0.012
3.422000e-07,-0.008
3.424000e-07,-0.012
3.426000e-07,-0.008
3.428000e-07,-0.012
3.430000e-07,-0.008
3.432000e-07,-0.008
3.434000e-07,-0.012
3.436000e-07,-0.012
3.438000e-07,-0.008
3.440000e-07,-0.004
3.442000e-07,-0.004
3.444000e-07,-0.008
3.446000e-07,-0.008
3.448000e-07,-0.004
3.450000e-07,-0.008
3.452000e-07,-0.004
3.454000e-07,-0.008
3.456000e-07,0
3.458000e-07,-0.004
3.460000e-07,0
3.462000e-07,0
3.464000e-07,-0.004
3.466000e-07,-0.008
3.468000e-07,-0.004
3.470000e-07,0
3.472000e-07,-0.008
3.474000e-07,-0.004
3.476000e-07,-0.004
3.478000e-07,-0.008
3.480000e-07,-0.004
3.482000e-07,-0.008
3.484000e-07,-0.004
3.486000e-07,-0.012
3.488000e-07,-0.004
3.490000e-07,-0.012
3.492000e-07,-0.008
3.494000e-07,-0.008
3.496000e-07,-0.004
3.498000e-07,-0.008
3.500000e-07,-0.008
3.502000e-07,-0.008
3.504000e-07,-0.008
3.506000e-07,-0.008
3.508000e-07,-0.012
3.510000e-07,-0.016
3.512000e-07,-0.008
3.514000e-07,-0.008
3.516000e-07,-0.004
3.518000e-07,-0.008
3.520000e-07,-0.004
3.522000e-07,-0.008
3.524000e-07,-0.004
3.526000e-07,-0.008
3.528000e-07,-0.008
3.530000e-07,-0.016
3.532000e-07,-0.012
3.534000e-07,-0.004
3.536000e-07,0
3.538000e-07,-0.004
3.540000e-07,-0.004
3.542000e-07,-0.004
3.544000e-07,0
3.546000e-07,0.004
3.548000e-07,0
3.550000e-07,-0.004
3.552000e-07,0
3.554000e-07,0.004
3.556000e-07,0.004
3.558000e-07,0
3.560000e-07,0
3.562000e-07,0.004
3.564000e-07,0
3.566000e-07,0
3.568000e-07,0
3.570000e-07,-0.008
3.572000e-07,-0.004
3.574000e-07,-0.008
3.576000e-07,-0.004
3.578000e-07,-0.004
3.580000e-07,-0.008
3.582000e-07,-0.008
3.584000e-07,-0.004
3.586000e-07,-0.004
3.588000e-07,-0.012
3.590000e-07,-0.016
3.592000e-07,-0.012
3.594000e-07,-0.016
3.596000e-07,-0.016
3.598000e-07,-0.008
3.600000e-07,-0.012
3.602000e-07,-0.012
3.604000e-07,-0.008
3.606000e-07,-0.012
3.608000e-07,-0.012
3.610000e-07,-0.016
3.612000e-07,-0.012
3.614000e-07,-0.012
3.616000e-07,-0.012
3.618000e-07,-0.008
3.620000e-07,-0.004
3.622000e-07,-0.008
3.624000e-07,-0.004
3.626000e-07,-0.008
3.628000e-07,0
3.630000e-07,-0.004
3.632000e-07,-0.004
3.634000e-07,0
3.636000e-07,0
3.638000e-07,0.004
3.640000e-07,0
3.642000e-07,-0.004
3.644000e-07,0
3.646000e-07,0
3.648000e-07,0
3.650000e-07,-0.004
3.652000e-07,-0.004
3.654000e-07,-0.004
3.656000e-07,0
3.658000e-07,0
3.660000e-07,-0.004
3.662000e-07,-0.004
3.664000e-07,-0.004
3.666000e-07,-0.004
3.668000e-07,-0.008
3.670000e-07,-0.008
3.672000e-07,-0.008
3.674000e-07,-0.008
3.676000e-07,-0.008
3.678000e-07,-0.008
3.680000e-07,-0.008
3.682000e-07,-0.02
3.684000e-07,-0.012
3.686000e-07,-0.02
3.688000e-07,-0.02
3.690000e-07,-0.02
3.692000e-07,-0.016
3.694000e-07,-0.008
3.696000e-07,-0.012
3.698000e-07,-0.012
3.700000e-07,-0.008
3.702000e-07,-0.016
3.704000e-07,-0.012
3.706000e-07,-0.012
3.708000e-07,-0.008
3.710000e-07,-0.012
3.712000e-07,-0.004
3.714000e-07,-0.008
3.716000e-07,-0.008
3.718000e-07,-0.008
3.720000e-07,-0.004
3.722000e-07,-0.008
3.724000e-07,0
3.726000e-07,0
3.728000e-07,0
3.730000e-07,-0.004
3.732000e-07,0
3.734000e-07,-0.004
3.736000e-07,0
3.738000e-07,-0.004
3.740000e-07,0.004
3.742000e-07,0
3.744000e-07,-0.004
3.746000e-07,-0.004
3.748000e-07,-0.004
3.750000e-07,-0.004
3.752000e-07,-0.008
3.754000e-07,-0.008
3.756000e-07,-0.012
3.758000e-07,-0.008
3.760000e-07,-0.008
3.762000e-07,-0.008
3.764000e-07,-0.008
3.766000e-07,-0.004
3.768000e-07,-0.004
3.770000e-07,-0.016
3.772000e-07,-0.004
3.774000e-07,-0.012
3.776000e-07,-0.012
3.778000e-07,-0.012
3.780000e-07,-0.004
3.782000e-07,-0.008
3.784000e-07,-0.008
3.786000e-07,-0.008
3.788000e-07,-0.008
3.790000e-07,-0.012
3.792000e-07,-0.012
3.794000e-07,-0.008
3.796000e-07,-0.008
3.798000e-07,-0.02
3.800000e-07,-0.004
3.802000e-07,-0.008
3.804000e-07,-0.004
3.806000e-07,-0.008
3.808000e-07,-0.008
3.810000e-07,-0.008
3.812000e-07,0
3.814000e-07,0
3.816000e-07,-0.004
3.818000e-07,-0.008
3.820000e-07,-0.004
3.822000e-07,0
3.824000e-07,-0.004
3.826000e-07,-0.004
3.828000e-07,-0.008
3.830000e-07,-0.008
3.832000e-07,-0.004
3.834000e-07,-0.004
3.836000e-07,0
3.838000e-07,-0.004
3.840000e-07,-0.004
3.842000e-07,-0.008
3.844000e-07,-0.004
3.846000e-07,-0.008
3.848000e-07,-0.012
3.850000e-07,-0.016
3.852000e-07,-0.016
3.854000e-07,-0.008
3.856000e-07,0
3.858000e-07,-0.008
3.860000e-07,-0.008
3.862000e-07,-0.02
3.864000e-07,-0.016
3.866000e-07,-0.008
3.868000e-07,-0.008
3.870000e-07,-0.012
3.872000e-07,-0.012
3.874000e-07,-0.012
3.876000e-07,-0.012
3.878000e-07,-0.008
3.880000e-07,-0.004
3.882000e-07,-0.012
3.884000e-07,-0.008
3.886000e-07,-0.008
3.888000e-07,-0.004
3.890000e-07,-0.004
3.892000e-07,-0.004
3.894000e-07,-0.008
3.896000e-07,-0.004
3.898000e-07,0
3.900000e-07,-0.004
3.902000e-07,-0.004
3.904000e-07,-0.004
3.906000e-07,-0.004
3.908000e-07,-0.004
3.910000e-07,-0.004
3.912000e-07,0
3.914000e-07,-0.008
3.916000e-07,-0.008
3.918000e-07,-0.008
3.920000e-07,-0.004
3.922000e-07,-0.004
3.924000e-07,0.004
3.926000e-07,-0.004
3.928000e-07,0
3.930000e-07,-0.004
3.932000e-07,-0.004
3.934000e-07,-0.008
3.936000e-07,-0.008
3.938000e-07,0
3.940000e-07,0
3.942000e-07,0
3.944000e-07,-0.004
3.946000e-07,-0.012
3.948000e-07,-0.012
3.950000e-07,-0.012
3.952000e-07,-0.012
3.954000e-07,-0.012
3.956000e-07,-0.012
3.958000e-07,-0.012
3.960000e-07,-0.008
3.962000e-07,-0.012
3.964000e-07,-0.012
3.966000e-07,-0.008
3.968000e-07,-0.008
3.970000e-07,-0.008
3.972000e-07,-0.008
3.974000e-07,-0.016
3.976000e-07,-0.008
3.978000e-07,-0.004
3.980000e-07,0
3.982000e-07,-0.008
3.984000e-07,-0.008
3.986000e-07,-0.004
3.988000e-07,-0.004
3.990000e-07,-0.004
3.992000e-07,-0.004
3.994000e-07,0
3.996000e-07,-0.004
3.998000e-07,-0.008
4.000000e-07,-0.004
4.002000e-07,-0.004
4.004000e-07,-0.004
4.006000e-07,-0.008
4.008000e-07,-0.004
4.010000e-07,-0.008
4.012000e-07,-0.004
4.014000e-07,-0.004
4.016000e-07,-0.004
4.018000e-07,-0.008
4.020000e-07,-0.004
4.022000e-07,-0.004
4.024000e-07,-0.004
4.026000e-07,-0.008
4.028000e-07,-0.008
4.030000e-07,-0.012
4.032000e-07,-0.008
4.034000e-07,-0.008
4.036000e-07,-0.004
4.038000e-07,-0.008
4.040000e-07,-0.008
4.042000e-07,-0.008
4.044000e-07,-0.008
4.046000e-07,-0.016
4.048000e-07,-0.016
4.050000e-07,-0.012
4.052000e-07,-0.008
4.054000e-07,-0.008
4.056000e-07,-0.008
4.058000e-07,-0.012
4.060000e-07,-0.012
4.062000e-07,-0.008
4.064000e-07,-0.004
4.066000e-07,-0.008
4.068000e-07,-0.012
4.070000e-07,-0.008
4.072000e-07,-0.008
4.074000e-07,-0.008
4.076000e-07,-0.004
4.078000e-07,-0.008
4.080000e-07,-0.008
4.082000e-07,-0.004
4.084000e-07,-0.008
4.086000e-07,-0.008
4.088000e-07,-0.004
4.090000e-07,-0.004
4.092000e-07,-0.004
4.094000e-07,-0.004
4.096000e-07,-0.008
4.098000e-07,-0.012
4.100000e-07,-0.004
4.102000e-07,0
4.104000e-07,0
4.106000e-07,-0.012
4.108000e-07,-0.008
4.110000e-07,-0.004
4.112000e-07,-0.004
4.114000e-07,-0.004
4.116000e-07,-0.008
4.118000e-07,-0.008
4.120000e-07,-0.004
4.122000e-07,-0.004
4.124000e-07,-0.008
4.126000e-07,-0.012
4.128000e-07,-0.004
4.130000e-07,-0.008
4.132000e-07,-0.004
4.134000e-07,-0.012
4.136000e-07,-0.012
4.138000e-07,-0.008
4.140000e-07,-0.008
4.142000e-07,-0.008
4.144000e-07,-0.012
4.146000e-07,-0.008
4.148000e-07,-0.004
4.150000e-07,-0.008
4.152000e-07,-0.008
4.154000e-07,-0.012
4.156000e-07,-0.008
4.158000e-07,-0.004
4.160000e-07,-0.008
4.162000e-07,-0.004
4.164000e-07,-0.008
4.166000e-07,-0.004
4.168000e-07,-0.008
4.170000e-07,-0.004
4.172000e-07,-0.004
4.174000e-07,-0.004
4.176000e-07,0
4.178000e-07,-0.004
4.180000e-07,-0.008
4.182000e-07,-0.004
4.184000e-07,0
4.186000e-07,0.004
4.188000e-07,0
4.190000e-07,-0.004
4.192000e-07,-0.004
4.194000e-07,-0.004
4.196000e-07,-0.004
4.198000e-07,-0.008
4.200000e-07,0
4.202000e-07,-0.004
4.204000e-07,0
4.206000e-07,-0.004
4.208000e-07,0
4.210000e-07,-0.004
4.212000e-07,-0.004
4.214000e-07,-0.004
4.216000e-07,-0.008
4.218000e-07,-0.008
4.220000e-07,-0.008
4.222000e-07,-0.012
4.224000e-07,-0.012
4.226000e-07,-0.016
4.228000e-07,-0.008
4.230000e-07,-0.012
4.232000e-07,-0.004
4.234000e-07,-0.004
4.236000e-07,-0.012
4.238000e-07,-0.012
4.240000e-07,-0.016
4.242000e-07,-0.004
4.244000e-07,-0.004
4.246000e-07,-0.008
4.248000e-07,-0.004
4.250000e-07,0
4.252000e-07,-0.008
4.254000e-07,-0.012
4.256000e-07,-0.012
4.258000e-07,-0.008
4.260000e-07,-0.004
4.262000e-07,-0.004
4.264000e-07,-0.004
4.266000e-07,-0.004
4.268000e-07,-0.004
4.270000e-07,0
4.272000e-07,-0.004
4.274000e-07,-0.004
4.276000e-07,0
4.278000e-07,-0.004
4.280000e-07,0
4.282000e-07,-0.004
4.284000e-07,0
4.286000e-07,0.004
4.288000e-07,-0.004
4.290000e-07,-0.008
4.292000e-07,-0.004
4.294000e-07,-0.008
4.296000e-07,0
4.298000e-07,-0.008
4.300000e-07,-0.008
4.302000e-07,-0.004
4.304000e-07,-0.004
4.306000e-07,-0.004
4.308000e-07,-0.004
4.310000e-07,-0.008
4.312000e-07,-0.012
4.314000e-07,-0.008
4.316000e-07,-0.012
4.318000e-07,-0.008
4.320000e-07,-0.008
4.322000e-07,-0.008
4.324000e-07,-0.008
4.326000e-07,-0.012
4.328000e-07,-0.012
4.330000e-07,-0.012
4.332000e-07,-0.004
4.334000e-07,-0.008
4.336000e-07,-0.008
4.338000e-07,-0.008
4.340000e-07,-0.008
4.342000e-07,-0.008
4.344000e-07,0
4.346000e-07,-0.004
4.348000e-07,-0.004
4.350000e-07,-0.004
4.352000e-07,-0.008
4.354000e-07,-0.008
4.356000e-07,0
4.358000e-07,-0.008
4.360000e-07,-0.004
4.362000e-07,0
4.364000e-07,0
4.366000e-07,-0.004
4.368000e-07,-0.004
4.370000e-07,-0.004
4.372000e-07,0
4.374000e-07,0
4.376000e-07,-0.004
4.378000e-07,0
4.380000e-07,-0.008
4.382000e-07,-0.004
4.384000e-07,0
4.386000e-07,0
4.388000e-07,0
4.390000e-07,-0.008
4.392000e-07,-0.008
4.394000e-07,-0.008
4.396000e-07,-0.004
4.398000e-07,-0.008
4.400000e-07,-0.008
4.402000e-07,-0.008
4.404000e-07,-0.012
4.406000e-07,-0.008
4.408000e-07,-0.004
4.410000e-07,-0.004
4.412000e-07,-0.008
4.414000e-07,-0.008
4.416000e-07,-0.004
4.418000e-07,-0.004
4.420000e-07,-0.008
4.422000e-07,-0.012
4.424000e-07,-0.012
4.426000e-07,-0.008
4.428000e-07,-0.008
4.430000e-07,-0.008
4.432000e-07,-0.008
4.434000e-07,-0.004
4.436000e-07,-0.004
4.438000e-07,-0.004
4.440000e-07,-0.004
4.442000e-07,-0.008
4.444000e-07,-0.004
4.446000e-07,-0.008
4.448000e-07,-0.008
4.450000e-07,-0.008
4.452000e-07,-0.004
4.454000e-07,0
4.456000e-07,0.004
4.458000e-07,-0.004
4.460000e-07,0
4.462000e-07,-0.004
4.464000e-07,0
4.466000e-07,-0.008
4.468000e-07,-0.004
4.470000e-07,-0.008
4.472000e-07,-0.004
4.474000e-07,-0.008
4.476000e-07,-0.008
4.478000e-07,-0.012
4.480000e-07,-0.008
4.482000e-07,-0.004
4.484000e-07,-0.008
4.486000e-07,-0.012
4.488000e-07,-0.012
4.490000e-07,-0.008
4.492000e-07,-0.008
4.494000e-07,-0.008
4.496000e-07,-0.008
4.498000e-07,-0.008
4.500000e-07,-0.02
4.502000e-07,-0.012
4.504000e-07,-0.012
4.506000e-07,-0.008
4.508000e-07,-0.004
4.510000e-07,-0.008
4.512000e-07,-0.008
4.514000e-07,-0.012
4.516000e-07,-0.012
4.518000e-07,-0.008
4.520000e-07,-0.008
4.522000e-07,-0.008
4.524000e-07,-0.012
4.526000e-07,-0.008
4.528000e-07,-0.008
4.530000e-07,-0.008
4.532000e-07,-0.004
4.534000e-07,-0.008
4.536000e-07,-0.008
4.538000e-07,-0.008
4.540000e-07,-0.004
4.542000e-07,0
4.544000e-07,-0.004
4.546000e-07,-0.008
4.548000e-07,-0.012
4.550000e-07,-0.004
4.552000e-07,-0.004
4.554000e-07,-0.008
4.556000e-07,-0.004
4.558000e-07,-0.004
4.560000e-07,0
4.562000e-07,-0.008
4.564000e-07,-0.004
4.566000e-07,-0.012
4.568000e-07,-0.008
4.570000e-07,-0.004
4.572000e-07,-0.004
4.574000e-07,-0.008
4.576000e-07,-0.004
4.578000e-07,-0.016
4.580000e-07,-0.004
4.582000e-07,-0.008
4.584000e-07,-0.008
4.586000e-07,-0.008
4.588000e-07,-0.004
4.590000e-07,-0.008
4.592000e-07,-0.012
4.594000e-07,-0.008
4.596000e-07,-0.012
4.598000e-07,-0.012
4.600000e-07,-0.008
4.602000e-07,-0.008
4.604000e-07,-0.008
4.606000e-07,-0.008
4.608000e-07,-0.012
4.610000e-07,-0.012
4.612000e-07,-0.012
4.614000e-07,-0.004
4.616000e-07,-0.004
4.618000e-07,-0.004
4.620000e-07,-0.012
4.622000e-07,-0.008
4.624000e-07,-0.008
4.626000e-07,-0.008
4.628000e-07,-0.004
4.630000e-07,-0.004
4.632000e-07,0
4.634000e-07,-0.008
4.636000e-07,-0.008
4.638000e-07,-0.008
4.640000e-07,-0.004
4.642000e-07,-0.004
4.644000e-07,-0.004
4.646000e-07,-0.008
4.648000e-07,-0.008
4.650000e-07,-0.012
4.652000e-07,-0.008
4.654000e-07,-0.012
4.656000e-07,-0.004
4.658000e-07,-0.008
4.660000e-07,-0.012
4.662000e-07,-0.012
4.664000e-07,-0.004
4.666000e-07,0
4.668000e-07,-0.008
4.670000e-07,-0.008
4.672000e-07,-0.008
4.674000e-07,-0.008
4.676000e-07,-0.012
4.678000e-07,-0.016
4.680000e-07,-0.004
4.682000e-07,-0.008
4.684000e-07,-0.012
4.686000e-07,-0.008
4.688000e-07,-0.004
4.690000e-07,-0.012
4.692000e-07,-0.008
4.694000e-07,-0.008
4.696000e-07,-0.012
4.698000e-07,-0.02
4.700000e-07,-0.008
4.702000e-07,-0.008
4.704000e-07,-0.004
4.706000e-07,-0.004
4.708000e-07,-0.004
4.710000e-07,-0.008
4.712000e-07,-0.008
4.714000e-07,-0.008
4.716000e-07,-0.008
4.718000e-07,0
4.720000e-07,-0.004
4.722000e-07,-0.008
4.724000e-07,-0.008
4.726000e-07,-0.012
4.728000e-07,-0.008
4.730000e-07,-0.008
4.732000e-07,0
4.734000e-07,-0.008
4.736000e-07,-0.004
4.738000e-07,-0.004
4.740000e-07,0
4.742000e-07,-0.004
4.744000e-07,0
4.746000e-07,-0.008
4.748000e-07,-0.008
4.750000e-07,-0.012
4.752000e-07,-0.004
4.754000e-07,-0.008
4.756000e-07,-0.008
4.758000e-07,-0.008
4.760000e-07,-0.004
4.762000e-07,-0.008
4.764000e-07,-0.012
4.766000e-07,-0.012
4.768000e-07,-0.004
4.770000e-07,-0.004
4.772000e-07,-0.004
4.774000e-07,-0.008
4.776000e-07,-0.008
4.778000e-07,-0.008
4.780000e-07,-0.012
4.782000e-07,-0.008
4.784000e-07,-0.008
4.786000e-07,-0.004
4.788000e-07,-0.008
4.790000e-07,-0.008
4.792000e-07,-0.008
4.794000e-07,-0.012
4.796000e-07,-0.012
4.798000e-07,-0.004
4.800000e-07,-0.004
4.802000e-07,-0.004
4.804000e-07,-0.004
4.806000e-07,-0.004
4.808000e-07,0
4.810000e-07,-0.004
4.812000e-07,-0.004
4.814000e-07,-0.016
4.816000e-07,-0.008
4.818000e-07,-0.008
4.820000e-07,-0.008
4.822000e-07,-0.012
4.824000e-07,-0.008
4.826000e-07,-0.004
4.828000e-07,-0.008
4.830000e-07,-0.004
4.832000e-07,-0.008
4.834000e-07,-0.008
4.836000e-07,-0.012
4.838000e-07,-0.008
4.840000e-07,-0.008
4.842000e-07,-0.012
4.844000e-07,-0.004
4.846000e-07,-0.004
4.848000e-07,-0.004
4.850000e-07,-0.008
4.852000e-07,-0.004
4.854000e-07,-0.008
4.856000e-07,-0.008
4.858000e-07,-0.004
4.860000e-07,-0.004
4.862000e-07,-0.008
4.864000e-07,-0.008
4.866000e-07,-0.008
4.868000e-07,-0.012
4.870000e-07,-0.012
4.872000e-07,-0.008
4.874000e-07,-0.004
4.876000e-07,-0.004
4.878000e-07,-0.008
4.880000e-07,-0.008
4.882000e-07,-0.012
4.884000e-07,-0.004
4.886000e-07,-0.008
4.888000e-07,-0.008
4.890000e-07,-0.008
4.892000e-07,0
4.894000e-07,-0.008
4.896000e-07,-0.008
4.898000e-07,-0.012
4.900000e-07,-0.012
4.902000e-07,-0.012
4.904000e-07,-0.004
4.906000e-07,-0.004
4.908000e-07,-0.008
4.910000e-07,-0.008
4.912000e-07,-0.004
4.914000e-07,-0.008
4.916000e-07,-0.008
4.918000e-07,-0.008
4.920000e-07,0
4.922000e-07,-0.008
4.924000e-07,-0.008
4.926000e-07,-0.008
4.928000e-07,-0.008
4.930000e-07,-0.004
4.932000e-07,-0.008
4.934000e-07,-0.004
4.936000e-07,-0.008
4.938000e-07,-0.008
4.940000e-07,-0.012
4.942000e-07,-0.012
4.944000e-07,-0.008
4.946000e-07,-0.008
4.948000e-07,-0.008
4.950000e-07,-0.012
4.952000e-07,-0.016
4.954000e-07,-0.008
4.956000e-07,-0.012
4.958000e-07,-0.008
4.960000e-07,-0.004
4.962000e-07,-0.008
4.964000e-07,-0.004
4.966000e-07,-0.008
4.968000e-07,-0.004
4.970000e-07,-0.008
4.972000e-07,-0.012
4.974000e-07,-0.008
4.976000e-07,-0.008
4.978000e-07,-0.008
4.980000e-07,-0.012
4.982000e-07,-0.012
4.984000e-07,-0.008
4.986000e-07,-0.008
4.988000e-07,-0.008
4.990000e-07,-0.004
4.992000e-07,-0.008
4.994000e-07,-0.008
4.996000e-07,-0.012
4.998000e-07,-0.008

